C00:00:47	0	12.789	17.146	0.015	12.28
C00:01:47	0	12.782	17.138	0.01	12.278
C00:02:47	0	12.761	17.131	0.001	12.278
C00:03:47	0	12.68	17.123	0.005	12.28
C00:04:47	0	12.501	17.116	0.003	12.277
C00:05:47	0	12.501	17.109	0.007	12.277
C00:06:47	0	12.597	17.1	0.015	12.278
C00:07:47	0	12.588	17.094	0.008	12.278
C00:08:47	0	12.557	17.087	0.007	12.282
C00:09:47	0	12.535	17.081	0.004	12.28
C00:10:47	0	12.55	17.074	0.011	12.28
C00:11:47	0	12.665	17.067	0.01	12.282
C00:12:47	0	12.65	17.061	0.007	12.277
C00:13:47	0	12.557	17.055	0.01	12.28
C00:14:47	0	12.451	17.048	0.013	12.277
C00:15:47	0	12.55	17.042	0.007	12.278
C00:16:47	0	12.693	17.035	0.007	12.277
C00:17:47	0	12.939	17.028	0.016	12.277
C00:18:47	0	12.976	17.022	0.007	12.277
C00:19:47	0	12.776	17.016	0.012	12.278
C00:20:47	0	12.65	17.01	0.004	12.28
C00:21:47	0	12.541	17.004	0.01	12.277
C00:22:47	0	12.56	16.998	0.008	12.277
C00:23:47	0	12.68	16.993	0.005	12.277
C00:24:47	0	12.847	16.987	0.006	12.277
C00:25:47	0	12.884	16.981	0.005	12.278
C00:26:47	0	12.918	16.975	0.013	12.28
C00:27:47	0	12.714	16.969	0.007	12.277
C00:28:47	0	12.557	16.963	0.009	12.277
C00:29:47	0	12.547	16.957	0.006	12.278
C00:30:47	0	12.619	16.952	0.012	12.278
C00:31:47	0	12.714	16.945	0.007	12.277
C00:32:47	0	12.724	16.94	0.014	12.277
C00:33:47	0	12.721	16.935	0.01	12.277
C00:34:47	0	12.705	16.93	0.014	12.277
C00:35:47	0	12.563	16.925	0.012	12.277
C00:36:47	0	12.308	16.919	0.006	12.277
C00:37:47	0	12.155	16.914	0.01	12.277
C00:38:47	0	12.142	16.909	0.005	12.277
C00:39:47	0	12.348	16.903	0.007	12.277
C00:40:47	0	12.557	16.899	0.008	12.277
C00:41:47	0	12.414	16.894	0.006	12.277
C00:42:47	0	12.167	16.889	0.015	12.277
C00:43:47	0	12.07	16.884	0.004	12.277
C00:44:47	0	11.988	16.88	0.007	12.278
C00:45:47	0	11.881	16.876	0.008	12.277
C00:46:47	0	11.888	16.873	0.007	12.277
C00:47:47	0	11.818	16.868	0.011	12.277
C00:48:47	0	11.809	16.862	0.012	12.277
C00:49:47	0	11.913	16.857	0.006	12.277
C00:50:47	0	12.013	16.851	0.012	12.277
C00:51:47	0	12.004	16.845	0.004	12.277
C00:52:47	0	12.086	16.839	0.01	12.277
C00:53:47	0	12.18	16.833	0.008	12.277
C00:54:47	0	12.117	16.827	0.008	12.277
C00:55:47	0	12.067	16.821	0.01	12.277
C00:56:47	0	12.073	16.816	0.01	12.277
C00:57:47	0	12.01	16.811	0.005	12.277
C00:58:47	0	11.887	16.806	0.01	12.277
C00:59:47	0	11.9	16.8	0.008	12.277
C01:00:47	0	11.957	16.795	0.01	12.277
C01:01:47	0	11.881	16.789	0.008	12.277
C01:02:47	0	11.928	16.784	0.005	12.277
C01:03:47	0	11.954	16.778	0.006	12.277
C01:04:47	0	12.032	16.772	0.008	12.277
C01:05:47	0	12.007	16.767	0.007	12.277
C01:06:47	0	11.941	16.762	0.012	12.277
C01:07:47	0	11.821	16.756	0.007	12.277
C01:08:47	0	11.739	16.751	0.008	12.277
C01:09:47	0	11.755	16.746	0.011	12.277
C01:10:47	0	11.853	16.741	0.007	12.277
C01:11:47	0	12.105	16.735	0.007	12.275
C01:12:47	0	12.17	16.73	0.006	12.277
C01:13:47	0	12.12	16.724	0.01	12.277
C01:14:47	0	12.123	16.718	0.011	12.277
C01:15:47	0	12.27	16.713	0.009	12.273
C01:16:47	0	12.376	16.708	0.015	12.273
C01:17:47	0	12.317	16.703	0.009	12.277
C01:18:47	0	12.358	16.698	0.005	12.273
C01:19:47	0	12.345	16.693	0.009	12.275
C01:20:47	0	12.283	16.688	0.01	12.275
C01:21:47	0	12.164	16.683	0.008	12.275
C01:22:47	0	12.183	16.68	0.008	12.273
C01:23:47	0	12.202	16.675	0.01	12.273
C01:24:47	0	12.373	16.67	0.013	12.271
C01:25:47	0	12.46	16.666	0.01	12.275
C01:26:47	0	12.473	16.661	0.015	12.275
C01:27:47	0	12.273	16.658	0.01	12.275
C01:28:47	0	12.105	16.654	0.004	12.273
C01:29:47	0	12.205	16.649	0.013	12.275
C01:30:47	0	12.224	16.645	0.015	12.273
C01:31:47	0	12.255	16.641	0.01	12.273
C01:32:47	0	12.345	16.637	0.01	12.27
C01:33:47	0	12.239	16.633	0.001	12.273
C01:34:47	0	12.224	16.627	0.008	12.271
C01:35:47	0	12.245	16.622	0.01	12.268
C01:36:47	0	12.516	16.618	0.005	12.27
C01:37:47	0	12.467	16.613	0.012	12.268
C01:38:47	0	12.386	16.61	0.015	12.266
C01:39:47	0	12.373	16.605	0.007	12.271
C01:40:47	0	12.404	16.599	0.015	12.265
C01:41:47	0	12.739	16.594	0.017	12.268
C01:42:47	0	12.829	16.589	0.01	12.263
C01:43:47	0	12.936	16.582	0.016	12.266
C01:44:47	0	12.998	16.572	0.013	12.265
C01:45:47	0	12.976	16.561	0.006	12.266
C01:46:47	0	12.945	16.548	0.012	12.265
C01:47:47	0	13.022	16.535	0.004	12.265
C01:48:47	0	12.991	16.523	0.004	12.266
C01:49:47	0	12.945	16.511	0.013	12.266
C01:50:47	0	12.798	16.5	0.013	12.259
C01:51:47	0	12.653	16.491	0.009	12.263
C01:52:47	0	12.718	16.483	0.017	12.259
C01:53:47	0	12.77	16.474	0.012	12.259
C01:54:47	0	13.022	16.466	0.005	12.259
C01:55:47	0	12.945	16.46	0.012	12.258
C01:56:47	0	12.764	16.454	0.007	12.259
C01:57:47	0	12.594	16.449	0.01	12.261
C01:58:47	0	12.677	16.444	0.011	12.259
C01:59:47	0	13.053	16.438	0.013	12.256
C02:00:47	0	13.147	16.429	0.007	12.258
C02:01:47	0	13.132	16.416	0.015	12.259
C02:02:47	0	13.181	16.403	0.004	12.258
C02:03:47	0	13.141	16.39	0.015	12.258
C02:04:47	0	13.086	16.38	0.01	12.258
C02:05:47	0	12.979	16.371	0.018	12.258
C02:06:47	0	12.887	16.364	0.009	12.258
C02:07:47	0	12.773	16.36	0.014	12.259
C02:08:47	0	12.665	16.357	0.01	12.256
C02:09:47	0	12.711	16.352	0.016	12.256
C02:10:47	0	12.816	16.349	0.01	12.258
C02:11:47	0	12.65	16.346	0.014	12.256
C02:12:47	0	12.671	16.342	0.014	12.256
C02:13:47	0	12.702	16.337	0.01	12.256
C02:14:47	0	12.485	16.334	0.015	12.258
C02:15:47	0	12.581	16.331	0.014	12.256
C02:16:47	0	12.603	16.328	0.003	12.256
C02:17:47	0	12.423	16.324	0.007	12.256
C02:18:47	0	12.501	16.321	0.009	12.256
C02:19:47	0	12.767	16.319	0.004	12.256
C02:20:47	0	12.921	16.315	0.007	12.256
C02:21:47	0	12.856	16.313	0.009	12.256
C02:22:47	0	12.801	16.309	0.009	12.256
C02:23:47	0	12.838	16.306	0.006	12.256
C02:24:47	0	12.991	16.303	0.012	12.256
C02:25:47	0	13.034	16.3	0.007	12.256
C02:26:47	0	12.979	16.297	0.004	12.256
C02:27:47	0	12.958	16.295	0.005	12.256
C02:28:47	0	12.918	16.291	0.013	12.256
C02:29:47	0	12.893	16.289	0.004	12.256
C02:30:47	0	12.899	16.287	0.009	12.256
C02:31:47	0	12.905	16.284	0.007	12.256
C02:32:47	0	12.955	16.283	0.004	12.256
C02:33:47	0	12.988	16.279	0.006	12.256
C02:34:47	0	12.952	16.273	0.021	12.256
C02:35:47	0	12.933	16.264	0.009	12.256
C02:36:47	0	12.998	16.257	0.004	12.256
C02:37:47	0	12.988	16.252	0.017	12.256
C02:38:47	0	12.736	16.248	0.01	12.256
C02:39:47	0	12.656	16.246	0.004	12.256
C02:40:47	0	12.625	16.245	0.016	12.256
C02:41:47	0	12.779	16.244	0.012	12.256
C02:42:47	0	12.869	16.243	0.015	12.256
C02:43:47	0	12.912	16.242	0.01	12.256
C02:44:47	0	12.967	16.242	0.015	12.256
C02:45:47	0	12.976	16.24	0.006	12.256
C02:46:47	0	13.025	16.24	0.008	12.256
C02:47:47	0	13.001	16.238	0.01	12.256
C02:48:47	0	13.092	16.237	0.007	12.256
C02:49:47	0	13.129	16.234	0.015	12.256
C02:50:47	0	13.102	16.23	0.009	12.256
C02:51:47	0	12.982	16.226	0.007	12.256
C02:52:47	0	12.856	16.223	0.018	12.256
C02:53:47	0	13.059	16.221	0.016	12.256
C02:54:48	0	13.062	16.22	0.007	12.256
C02:55:47	0	13.062	16.219	0.002	12.256
C02:56:47	0	13.099	16.218	0.017	12.256
C02:57:47	0	13.099	16.217	0.016	12.256
C02:58:47	0	13.141	16.217	0.009	12.256
C02:59:47	0	13.092	16.218	0.005	12.254
C03:00:47	0	13.04	16.218	0.009	12.256
C03:01:47	0	13.04	16.218	0.005	12.256
C03:02:47	0	13.01	16.218	0.01	12.254
C03:03:47	0	12.964	16.218	0.01	12.254
C03:04:47	0	13.089	16.219	0.001	12.256
C03:05:47	0	13.181	16.22	0.011	12.256
C03:06:47	0	13.215	16.221	0.01	12.256
C03:07:47	0	13.269	16.221	0.006	12.256
C03:08:47	0	13.193	16.222	0.012	12.253
C03:09:47	0	13.16	16.223	0.006	12.249
C03:10:47	0	13.141	16.223	0.012	12.251
C03:11:47	0	13.215	16.221	0.002	12.254
C03:12:47	0	13.376	16.218	0.008	12.251
C03:13:47	0	13.212	16.215	0.012	12.254
C03:14:47	0	13.034	16.211	0.004	12.253
C03:15:47	0	13.108	16.207	0.011	12.253
C03:16:47	0	13.138	16.202	0.01	12.253
C03:17:47	0	13.083	16.198	0.011	12.249
C03:18:47	0	13.138	16.193	0.006	12.251
C03:19:47	0	13.181	16.189	0.006	12.246
C03:20:47	0	13.218	16.185	0.006	12.246
C03:21:47	0	13.19	16.183	0.011	12.249
C03:22:47	0	12.933	16.18	0.006	12.242
C03:23:47	0	12.902	16.18	0.012	12.246
C03:24:47	0	13.028	16.18	0.014	12.249
C03:25:47	0	13.163	16.178	0.004	12.247
C03:26:47	0	13.16	16.177	0.007	12.241
C03:27:47	0	13.089	16.176	0.01	12.246
C03:28:47	0	13.126	16.175	0.009	12.241
C03:29:47	0	13.221	16.175	0.007	12.241
C03:30:47	0	13.321	16.175	0.012	12.241
C03:31:47	0	13.409	16.174	0.007	12.241
C03:32:47	0	13.449	16.174	0.006	12.242
C03:33:47	0	13.403	16.172	0.011	12.244
C03:34:47	0	13.297	16.172	0.014	12.237
C03:35:47	0	13.263	16.172	0.013	12.239
C03:36:47	0	13.212	16.172	0.01	12.241
C03:37:47	0	13.16	16.172	0.01	12.237
C03:38:47	0	13.196	16.174	0.011	12.237
C03:39:47	0	13.175	16.176	0.01	12.241
C03:40:47	0	13.105	16.176	0.012	12.237
C03:41:47	0	13.154	16.178	0.004	12.239
C03:42:47	0	13.251	16.179	0.01	12.235
C03:43:47	0	13.291	16.18	0.011	12.237
C03:44:47	0	13.26	16.18	0.006	12.237
C03:45:47	0	13.291	16.182	0.015	12.235
C03:46:47	0	13.23	16.184	0.014	12.237
C03:47:47	0	13.132	16.185	0.01	12.239
C03:48:47	0	13.083	16.187	0.012	12.239
C03:49:47	0	12.856	16.188	0.009	12.235
C03:50:47	0	12.856	16.19	0.002	12.237
C03:51:47	0	12.909	16.192	0.014	12.237
C03:52:47	0	12.875	16.193	0.007	12.235
C03:53:47	0	12.872	16.194	0.005	12.235
C03:54:47	0	13.053	16.195	0.008	12.235
C03:55:47	0	13.199	16.194	0.018	12.235
C03:56:47	0	13.224	16.193	0.013	12.235
C03:57:47	0	13.239	16.191	0.015	12.235
C03:58:47	0	13.239	16.189	0.005	12.237
C03:59:47	0	13.187	16.188	0.006	12.235
C04:00:47	0	13.065	16.188	0.013	12.235
C04:01:47	0	13.083	16.189	0.003	12.235
C04:02:47	0	13.01	16.189	0.002	12.235
C04:03:47	0	13.092	16.191	0.009	12.235
C04:04:47	0	13.193	16.191	0.008	12.235
C04:05:47	0	13.212	16.192	0.009	12.235
C04:06:47	0	13.202	16.192	0.01	12.235
C04:07:47	0	13.157	16.192	0.013	12.235
C04:08:47	0	13.172	16.194	0.017	12.235
C04:09:47	0	13.001	16.194	0.013	12.235
C04:10:47	0	12.936	16.194	0.002	12.235
C04:11:47	0	13.077	16.194	0.009	12.235
C04:12:47	0	13.215	16.194	0.012	12.235
C04:13:47	0	13.175	16.194	0.007	12.235
C04:14:47	0	12.933	16.194	0.013	12.235
C04:15:47	0	13.169	16.195	0.006	12.235
C04:16:47	0	13.33	16.196	0.011	12.235
C04:17:47	0	13.342	16.195	0.012	12.235
C04:18:47	0	13.321	16.195	0.012	12.234
C04:19:47	0	13.141	16.194	0.016	12.235
C04:20:47	0	12.908	16.193	0.01	12.235
C04:21:47	0	12.918	16.192	0.011	12.235
C04:22:47	0	12.976	16.192	0.009	12.235
C04:23:47	0	13.135	16.192	0.007	12.234
C04:24:47	0	13.147	16.191	0.015	12.234
C04:25:47	0	13.086	16.189	0.024	12.232
C04:26:47	0	13.086	16.189	0.011	12.234
C04:27:47	0	13.242	16.188	0.004	12.234
C04:28:47	0	13.427	16.188	0.011	12.23
C04:29:47	0	13.446	16.188	0.005	12.235
C04:30:47	0	13.446	16.188	0.005	12.232
C04:31:47	0	13.318	16.188	0.012	12.232
C04:32:47	0	13.166	16.185	0.009	12.229
C04:33:47	0	13.212	16.182	0.011	12.229
C04:34:47	0	13.205	16.18	0.01	12.227
C04:35:47	0	13.184	16.176	0.002	12.227
C04:36:47	0	13.181	16.174	0.014	12.229
C04:37:47	0	13.126	16.171	0.012	12.227
C04:38:47	0	13.117	16.168	0.009	12.227
C04:39:47	0	13.111	16.164	0.007	12.222
C04:40:47	0	13.141	16.161	0.004	12.222
C04:41:47	0	13.126	16.157	0.009	12.222
C04:42:47	0	13.172	16.156	0.007	12.22
C04:43:47	0	13.184	16.153	0.012	12.218
C04:44:47	0	13.138	16.15	0.013	12.218
C04:45:47	0	13.053	16.149	0.01	12.22
C04:46:47	0	13.022	16.149	0.001	12.218
C04:47:47	0	13.022	16.147	0.004	12.217
C04:48:47	0	13.047	16.145	0.005	12.217
C04:49:47	0	13.013	16.142	0.005	12.215
C04:50:47	0	13.034	16.141	0.008	12.215
C04:51:47	0	13.086	16.138	0.015	12.215
C04:52:47	0	13.053	16.136	0.007	12.215
C04:53:47	0	13.053	16.132	0.012	12.215
C04:54:49	0	13.034	16.129	0.01	12.215
C04:55:47	0	13.077	16.124	0.004	12.215
C04:56:47	0	13.184	16.117	0.01	12.215
C04:57:47	0	13.221	16.113	0.014	12.215
C04:58:47	0	13.013	16.109	0.014	12.215
C04:59:47	0	12.878	16.106	0.013	12.215
D05:00:47	9.209	12.909	16.105	0.008	12.215
D05:01:47	9.3	12.961	16.102	0.004	12.215
D05:02:47	9.294	13.013	16.102	0.012	12.213
D05:03:47	8.814	13.019	16.101	0.007	12.215
D05:04:47	8.08	12.939	16.1	0.015	12.215
D05:05:47	7.698	12.921	16.098	0.012	12.213
D05:06:47	7.853	12.976	16.097	0.01	12.213
D05:07:47	8.119	13.043	16.096	0.012	12.213
D05:08:47	8.522	13.074	16.094	0.007	12.213
D05:09:47	9.041	13.089	16.091	0.016	12.211
D05:10:47	9.553	13.089	16.088	0.007	12.213
D05:11:47	9.748	13.123	16.083	0.004	12.215
D05:12:47	9.767	13.123	16.078	0.017	12.213
D05:13:47	9.716	13.092	16.073	0.01	12.215
D05:14:47	9.787	13.099	16.069	0.009	12.21
D05:15:47	9.696	13.111	16.066	0.011	12.206
D05:16:47	9.761	13.123	16.063	0.007	12.203
D05:17:47	9.735	13.096	16.06	0.014	12.206
D05:18:47	9.696	13.08	16.059	0.009	12.205
D05:19:47	9.754	13.126	16.056	0.014	12.205
D05:20:47	9.891	13.184	16.055	0.006	12.205
E05:21:47	10.072	13.209	16.054	0.01	12.201
D05:22:47	9.936	13.181	16.052	0.006	12.198
D05:23:47	9.534	13.123	16.05	0.013	12.198
D05:24:47	9.3	13.083	16.047	0.015	12.206
D05:25:47	9.294	13.05	16.045	0.008	12.194
D05:26:47	9.333	13.037	16.042	0.015	12.198
D05:27:47	9.417	13.114	16.04	0.011	12.199
D05:28:47	9.527	13.172	16.038	0.007	12.198
D05:29:47	9.54	13.224	16.037	0.01	12.196
D05:30:47	9.579	13.254	16.036	0.014	12.196
D05:31:47	9.573	13.19	16.034	0.009	12.196
D05:32:47	9.534	13.154	16.034	0.017	12.196
D05:33:47	9.553	13.092	16.033	0.038	12.194
D05:34:47	9.67	13.117	16.031	0.097	12.194
D05:35:47	9.767	13.065	16.028	0.179	12.194
D05:36:47	9.91	13.08	16.024	0.376	12.194
E05:37:47	10.098	13.215	16.018	0.992	12.194
E05:38:47	10.248	13.209	16.01	1.923	12.194
E05:39:47	10.066	13.117	16.001	2.278	12.194
D05:40:47	9.865	13.132	15.992	2.272	12.196
D05:41:47	9.936	13.175	15.985	2.607	12.194
E05:42:47	10.15	13.114	15.978	3.365	12.194
E05:43:47	10.364	13.123	15.973	3.93	12.194
E05:44:52	10.676	13.151	15.966	4.274	12.194
E05:45:52	10.942	13.181	15.961	4.719	12.194
E05:46:52	11.136	13.23	15.956	5.346	12.194
E05:47:52	11.247	13.236	15.953	5.794	12.194
E05:48:52	11.26	13.178	15.951	6.238	12.194
E05:49:52	11.377	13.154	15.95	6.848	12.194
E05:50:52	11.772	13.163	15.949	7.872	12.194
E05:51:52	12.369	13.193	15.949	9.012	12.194
E05:52:52	12.583	13.184	15.949	9.926	12.193
F05:53:52	13.375	13.19	15.95	10.928	12.194
F05:54:52	14.251	13.163	15.949	11.859	12.194
F05:55:52	14.971	13.108	15.948	12.414	12.194
F05:56:52	15.892	13.114	15.947	12.48	12.194
F05:57:52	16.282	13.132	15.947	12.483	12.194
F05:58:52	18.52	13.19	15.947	12.494	12.203
F05:59:52	21.206	13.166	15.947	12.505	12.22
F06:00:52	22.309	13.233	15.948	12.515	12.234
F06:01:52	25.469	13.251	15.948	12.53	12.244
F06:02:52	27.87	13.187	15.948	12.549	12.256
F06:03:52	26.546	13.147	15.947	12.56	12.275
F06:04:52	25.91	13.074	15.947	12.573	12.29
F06:05:52	29.959	13.068	15.947	12.602	12.314
F06:06:52	35.863	13.016	15.947	12.636	12.347
F06:07:52	45.019	13.05	15.947	12.689	12.4
F06:08:52	50.079	13.108	15.947	12.746	12.46
F06:09:52	51.053	13.129	15.949	12.796	12.505
F06:10:52	55.575	13.187	15.951	12.862	12.573
F06:11:52	53.843	13.218	15.951	12.916	12.622
F06:12:52	53.473	13.339	15.953	12.962	12.673
F06:13:52	54.907	13.561	15.955	13.014	12.73
F06:14:52	54.738	13.585	15.956	13.078	12.779
F06:15:52	55.543	13.546	15.957	13.154	12.864
F06:16:52	58.929	13.518	15.959	13.298	13.003
F06:17:52	59.079	13.412	15.962	13.48	13.19
F06:18:52	55.659	13.376	15.964	13.605	13.313
F06:19:52	54.381	13.373	15.968	14.344	13.287
F06:20:52	50.423	13.415	15.972	14.55	13.203
F06:21:52	44.752	13.403	15.976	13.889	13.174
F06:22:52	41.573	13.485	15.981	13.472	13.162
F06:23:52	40.483	13.69	15.986	13.436	13.147
F06:24:52	38.128	13.712	15.992	13.433	13.15
F06:25:52	30.271	13.663	15.997	13.334	13.042
F06:26:52	27.805	13.685	16.002	13.236	12.951
F06:27:52	31.834	13.721	16.007	13.25	12.961
F06:28:52	38.011	13.7	16.011	13.334	13.042
F06:29:52	46.297	13.724	16.015	13.949	13.265
F06:30:52	49.95	13.624	16.019	15.309	13.329
F06:31:52	50.242	13.657	16.024	15.272	13.306
F06:32:52	53.577	13.826	16.029	16.415	13.318
F06:33:52	58.443	13.835	16.034	15.888	13.315
F06:34:52	61.856	13.802	16.04	16.738	13.294
F06:35:52	63.841	13.793	16.046	16.625	13.329
F06:36:52	67.546	13.742	16.051	17.437	13.298
F06:37:52	68.351	13.688	16.056	17.877	13.281
F06:38:52	63.659	13.682	16.061	17.322	13.253
F06:39:52	59.033	13.621	16.068	17.098	13.205
F06:40:52	63.887	13.594	16.075	17.663	13.226
F06:41:52	71.737	13.636	16.083	17.542	13.296
F06:42:52	81.282	13.624	16.091	18.385	13.306
F06:43:52	84.221	13.609	16.099	17.87	13.294
F06:44:52	70.939	13.564	16.107	17.35	13.208
F06:45:52	61.875	13.521	16.116	17.237	13.203
F06:46:52	60.584	13.57	16.126	18.012	13.208
F06:47:52	57.567	13.7	16.134	16.721	13.232
F06:48:52	61.596	13.739	16.145	17.655	13.284
F06:49:52	62.621	13.853	16.155	16.785	13.318
F06:50:52	60.227	13.859	16.166	17.703	13.279
F06:51:52	62.79	13.6	16.176	17.27	13.277
F06:52:52	66.145	13.467	16.184	17.848	13.318
F06:53:52	71.666	13.473	16.191	17.812	13.308
F06:54:52	84.085	13.527	16.199	18.421	13.301
G06:55:52	100.941	13.537	16.207	18.752	13.291
G06:56:52	106.904	13.524	16.216	18.535	13.274
F06:57:52	97.451	13.518	16.225	19.103	13.22
F06:58:52	86.492	13.503	16.235	18.163	13.22
F06:59:52	75.014	13.648	16.241	18.126	13.31
F07:00:52	82.437	14.173	16.25	18.022	13.308
F07:01:52	89.301	14.232	16.26	18.786	13.296
F07:02:52	88.393	13.88	16.27	18.097	13.293
F07:03:52	79.465	14.193	16.28	18.724	13.212
F07:04:52	74.943	14.238	16.287	18.089	13.256
F07:05:52	76.993	14.104	16.296	17.536	13.229
F07:06:52	82.891	14.289	16.308	18.394	13.217
F07:07:52	83.715	14.458	16.32	17.786	13.236
F07:08:52	80.626	14.744	16.331	17.584	13.255
F07:09:52	77.415	14.935	16.344	18.503	13.238
F07:10:52	67.578	15.049	16.356	18.188	13.184
F07:11:52	62.641	15.022	16.367	17.867	13.198
F07:12:52	77.849	14.585	16.381	17.274	13.272
F07:13:52	81.931	14.053	16.395	18.664	13.232
F07:14:52	68.305	14.101	16.41	18.525	13.262
F07:15:52	60.707	14.191	16.423	17.616	13.226
F07:16:52	65.074	14.224	16.439	17.728	13.256
F07:17:52	74.119	14.573	16.454	18.499	13.239
F07:18:52	70.9	14.298	16.468	18.636	13.253
F07:19:52	66.475	14.116	16.484	17.403	13.219
F07:20:52	67.942	13.793	16.496	18.65	13.205
F07:21:52	59.741	13.748	16.508	18.072	13.191
F07:22:52	59.345	13.624	16.519	17.832	13.301
F07:23:52	63.763	13.712	16.53	18.709	13.231
F07:24:52	61.252	13.793	16.538	17.312	13.19
F07:25:52	57.801	13.621	16.544	17.347	13.293
F07:26:52	63.77	13.5	16.549	17.464	13.219
F07:27:52	74.982	13.543	16.553	17.36	13.258
F07:28:52	76.156	13.57	16.557	18.774	13.286
F07:29:52	63.822	13.573	16.56	18.481	13.231
F07:30:52	56.697	13.688	16.559	17.08	13.25
F07:31:52	51.877	13.684	16.556	16.761	13.258
F07:32:52	48.1	13.503	16.551	17.421	13.202
F07:33:52	45.518	13.479	16.545	16.969	13.301
F07:34:52	48.152	13.415	16.538	17.775	13.318
F07:35:52	52.259	13.527	16.531	17.63	13.322
F07:36:52	63.776	13.721	16.526	18.908	13.31
F07:37:52	87.05	13.639	16.524	18.452	13.313
F07:38:52	92.786	13.491	16.524	19.308	13.289
F07:39:52	84.766	13.482	16.525	19.097	13.253
F07:40:52	88.808	13.53	16.53	19.026	13.198
F07:41:52	83.06	13.482	16.533	17.776	13.198
F07:42:52	84.429	13.621	16.534	17.916	13.301
F07:43:52	96.847	13.663	16.532	18.116	13.303
G07:44:52	133.584	13.748	16.529	19.467	13.296
G07:45:52	157.494	13.868	16.524	20.064	13.281
G07:46:52	156.293	13.892	16.521	19.541	13.274
G07:47:52	148.566	13.913	16.521	19.555	13.244
G07:48:52	140.948	14.036	16.524	19.771	13.248
G07:49:52	278.611	14.563	16.53	20.396	13.244
G07:50:52	218.834	15.081	16.539	19.201	13.262
H07:51:52	267.75	14.558	16.549	20.365	13.26
G07:52:52	219.905	14.253	16.56	20.026	13.193
G07:53:52	179.346	14.173	16.572	19.459	13.274
G07:54:52	188.865	13.979	16.585	19.691	13.251
H07:55:52	224.693	14.086	16.599	19.872	13.253
H07:56:52	210.983	14.122	16.616	20.077	13.186
G07:57:52	219.632	14.229	16.635	19.678	13.274
G07:58:52	157.98	14.229	16.652	19.421	13.231
G07:59:52	147.352	14.158	16.667	19.43	13.282
G08:00:52	141.5	14.185	16.682	19.167	13.238
G08:01:52	156.962	14.265	16.696	19.731	13.239
G08:02:52	182.13	14.419	16.709	19.871	13.282
H08:03:52	180.962	14.292	16.721	19.245	13.25
H08:04:52	155.177	14.232	16.735	19.763	13.207
G08:05:52	138.379	14.131	16.752	19.225	13.279
H08:06:52	165.682	14.256	16.771	19.461	13.287
H08:07:52	211.937	14.268	16.791	19.95	13.27
H08:08:52	178.633	14.152	16.809	19.67	13.222
H08:09:52	162.587	14.012	16.823	18.907	13.299
H08:10:52	155.528	13.991	16.837	19.683	13.282
H08:11:52	198.201	14.167	16.846	19.989	13.277
H08:12:52	203.762	14.265	16.853	19.764	13.212
H08:13:52	205.845	14.244	16.857	19.369	13.222
H08:14:52	206.292	14.422	16.865	19.652	13.293
H08:15:52	198.124	14.461	16.874	19.648	13.265
H08:16:52	206.046	14.873	16.884	19.918	13.275
H08:17:52	206.286	15.022	16.899	19.916	13.289
H08:18:52	196.657	15.336	16.916	19.283	13.267
H08:19:52	196.806	15.156	16.935	19.752	13.244
H08:20:52	177.264	14.688	16.956	19.839	13.243
H08:21:52	165.805	14.366	16.977	19.507	13.217
H08:22:52	433.566	14.84	16.997	20.243	13.224
H08:23:52	236.353	15.005	17.017	20.003	13.195
G08:24:52	168.336	15.066	17.034	19.372	13.248
G08:25:52	390.911	15.353	17.052	20.147	13.26
H08:26:52	170.386	14.94	17.068	19.543	13.265
H08:27:52	168.602	14.535	17.084	19.32	13.27
H08:28:52	204.171	14.259	17.1	19.959	13.275
H08:29:52	281.057	14.292	17.116	20.146	13.272
H08:30:52	201.543	14.408	17.13	19.654	13.227
H08:31:52	318.21	14.846	17.144	20.319	13.294
H08:32:52	245.709	15.18	17.159	19.545	13.25
H08:33:52	197.935	15.188	17.175	19.232	13.253
H08:34:52	253.488	14.823	17.195	19.781	13.256
H08:35:52	347.628	14.852	17.216	20.145	13.256
H08:36:52	278.436	14.844	17.238	19.516	13.255
H08:37:52	412.868	14.949	17.262	20.319	13.275
H08:38:52	264.051	14.706	17.283	19.894	13.238
H08:39:52	245.43	14.697	17.305	19.869	13.291
H08:40:52	230.481	14.873	17.326	19.478	13.265
H08:41:52	189.533	14.547	17.348	19.141	13.212
H08:42:52	173.319	14.44	17.367	19.252	13.214
H08:43:52	201.316	14.354	17.386	19.781	13.289
H08:44:52	205.494	14.538	17.411	19.827	13.251
H08:45:52	208.79	14.561	17.433	19.79	13.222
H08:46:52	311.87	14.744	17.453	20.308	13.219
H08:47:52	217.044	15.049	17.474	19.88	13.214
H08:48:52	201.978	15.069	17.492	19.461	13.267
H08:49:52	185.815	14.852	17.512	19.795	13.227
H08:50:52	199.311	14.644	17.533	19.812	13.186
H08:51:52	270.442	14.641	17.554	19.946	13.265
H08:52:52	290.829	14.943	17.573	20.039	13.232
H08:53:52	215.739	15.151	17.591	19.758	13.215
H08:54:52	202.393	15.034	17.607	19.835	13.303
H08:55:52	222.455	14.765	17.623	19.835	13.262
H08:56:52	244.587	14.732	17.636	19.781	13.263
H08:57:52	260.217	14.782	17.65	19.98	13.232
H08:58:52	199.947	14.817	17.66	19.421	13.234
H08:59:52	185.906	14.767	17.672	19.665	13.305
H09:00:52	176.602	14.623	17.686	19.554	13.25
H09:01:52	168.848	14.553	17.699	19.715	13.208
H09:02:52	182.857	14.523	17.712	19.9	13.183
H09:03:52	190.623	14.529	17.721	19.547	13.176
H09:04:52	183.862	14.567	17.728	19.683	13.183
H09:05:52	175.953	14.532	17.732	19.642	13.286
H09:06:52	206.734	14.62	17.735	19.382	13.289
H09:07:52	219.587	14.594	17.734	19.831	13.272
H09:08:52	194.159	14.579	17.733	19.984	13.279
H09:09:52	180.968	14.502	17.733	19.795	13.234
H09:10:52	216.914	14.75	17.734	19.962	13.234
H09:11:52	205.793	14.978	17.737	19.859	13.224
H09:12:52	239.227	14.879	17.739	20.003	13.234
H09:13:52	262.76	14.729	17.743	20.102	13.303
H09:14:52	252.1	14.735	17.748	19.947	13.263
H09:15:52	255.857	15.007	17.758	20.126	13.236
H09:16:52	254.085	15.089	17.767	20.086	13.203
H09:17:52	295.74	15.203	17.778	20.095	13.183
H09:18:52	276.373	15.214	17.79	19.906	13.181
H09:19:52	249.511	14.917	17.802	19.91	13.186
H09:20:52	242.043	14.879	17.817	19.897	13.246
H09:21:52	245.534	14.935	17.833	19.891	13.286
H09:22:52	241.608	15.028	17.85	19.943	13.296
H09:23:52	234.971	14.858	17.868	19.836	13.303
H09:24:52	270.975	14.823	17.885	20.08	13.303
H09:25:52	256.421	14.808	17.903	19.888	13.234
H09:26:52	234.011	14.899	17.921	19.895	13.215
H09:27:52	245.203	14.923	17.939	19.948	13.181
H09:28:52	272.545	14.926	17.959	20.188	13.171
H09:29:52	296.986	14.876	17.974	20.237	13.179
H09:30:52	282.569	14.841	17.986	19.853	13.2
H09:31:52	265.031	14.791	17.999	20.06	13.172
H09:32:52	301.476	14.896	18.009	19.952	13.174
H09:33:52	656.187	15.582	18.019	20.74	13.196
H09:34:52	397.361	15.417	18.028	20.237	13.22
H09:35:52	309.321	15.267	18.039	19.841	13.281
H09:36:52	274.653	15.162	18.053	19.845	13.226
H09:37:52	235.892	14.926	18.067	19.828	13.193
H09:38:52	225.245	14.914	18.08	19.698	13.174
H09:39:52	257.193	14.894	18.093	20.02	13.298
H09:40:52	286.611	15.194	18.107	20.134	13.274
H09:41:52	574.888	15.611	18.123	20.61	13.256
H09:42:52	368.916	15.755	18.138	20.11	13.2
H09:43:52	262.754	15.42	18.158	19.79	13.311
H09:44:57	241.167	15.319	18.18	19.816	13.301
H09:45:57	291.231	15.025	18.2	20.173	13.256
H09:46:57	384.105	15.092	18.221	20.385	13.248
H09:47:57	306.31	15.016	18.239	20.03	13.195
H09:48:57	522.618	14.975	18.253	20.594	13.162
H09:49:57	671.947	15.174	18.267	20.411	13.179
H09:50:57	904.741	15.11	18.285	20.921	13.25
H09:51:57	592.088	15.232	18.297	20.08	13.203
H09:52:57	437.439	15.619	18.312	20.078	13.166
H09:53:57	736.914	15.781	18.328	20.376	13.172
H09:54:57	491.844	15.339	18.348	20.201	13.162
H09:55:57	473.624	15.183	18.365	20.118	13.16
H09:56:57	337.532	15.238	18.379	19.865	13.239
H09:57:57	665.971	15.59	18.396	20.632	13.258
H09:58:57	624.394	16.038	18.412	20.234	13.229
H09:59:57	743.396	16.391	18.431	20.309	13.236
H10:00:57	809.584	15.89	18.454	20.473	13.224
H10:01:57	410.259	15.556	18.481	19.799	13.202
H10:02:57	579.52	15.542	18.51	20.054	13.181
H10:03:57	594.035	15.513	18.542	19.977	13.179
H10:04:57	370.46	15.359	18.575	19.712	13.181
H10:05:57	427.901	15.409	18.607	20.06	13.224
H10:06:57	403.362	15.596	18.64	19.872	13.274
H10:07:57	448.716	15.858	18.672	20.002	13.226
H10:08:57	343.611	15.571	18.699	19.82	13.183
H10:09:57	382.697	15.783	18.727	20	13.16
H10:10:57	320.837	15.995	18.754	19.582	13.226
H10:11:57	582.823	15.686	18.782	20.457	13.263
H10:12:57	740.133	15.651	18.812	20.371	13.183
H10:13:57	472.762	16.015	18.839	19.956	13.19
H10:14:57	341.068	15.683	18.865	19.949	13.162
H10:15:57	555.507	15.734	18.892	20.297	13.203
H10:16:57	317.243	16.252	18.917	19.837	13.181
H10:17:57	285.606	15.947	18.943	19.529	13.21
H10:18:57	285.456	15.995	18.973	19.625	13.268
H10:19:57	326.249	15.637	19.003	20.072	13.244
H10:20:57	320.74	15.556	19.033	19.867	13.265
H10:21:57	493.174	15.697	19.065	20.263	13.243
H10:22:57	704.142	15.694	19.097	20.653	13.179
H10:23:57	489.417	15.597	19.128	19.971	13.186
H10:24:57	332.64	15.472	19.157	19.763	13.184
H10:25:57	374.833	15.484	19.185	19.699	13.208
H10:26:57	321.11	15.516	19.208	19.768	13.256
H10:27:57	389.627	15.568	19.229	20.074	13.263
H10:28:57	356.614	15.769	19.252	19.995	13.196
H10:29:57	324.25	15.469	19.272	20.077	13.162
H10:30:57	356.724	15.249	19.292	20.149	13.215
H10:31:57	321.441	15.084	19.31	20.099	13.255
H10:32:57	335.177	15.008	19.324	20.229	13.272
H10:33:57	631.395	15.162	19.339	20.64	13.217
H10:34:57	327.566	15.296	19.349	19.85	13.212
H10:35:57	305.817	15.639	19.358	20.067	13.265
H10:36:57	353.545	15.827	19.366	19.988	13.262
H10:37:57	509.096	16.271	19.376	20.41	13.239
H10:38:57	309.34	16.266	19.39	19.925	13.195
H10:39:57	357.529	15.935	19.407	19.834	13.311
H10:40:57	406.204	15.605	19.425	20.116	13.256
H10:41:57	491.844	15.545	19.445	20.268	13.21
H10:42:57	994.164	15.7	19.461	20.536	13.246
H10:43:57	851.946	16.257	19.48	20.349	13.26
H10:44:57	480.204	16.328	19.5	19.918	13.258
H10:45:57	937.754	16.368	19.521	20.249	13.248
H10:46:57	819.777	16.172	19.544	20.221	13.236
H10:47:57	471.237	15.981	19.566	19.812	13.166
H10:48:57	828.841	16.09	19.591	20.445	13.178
I10:49:57	1093.085	16.246	19.615	20.484	13.232
I10:50:57	1134.493	16.447	19.642	20.399	13.205
H10:51:57	753.297	16.797	19.669	19.71	13.178
I10:52:57	1078.012	16.777	19.7	20.204	13.222
I10:53:57	1151.402	16.738	19.735	20.182	13.231
H10:54:57	754.128	16.811	19.771	19.48	13.155
H10:55:57	577.399	16.808	19.809	19.536	13.246
H10:56:57	986.352	16.294	19.848	19.975	13.229
H10:57:57	689.647	16.166	19.891	19.878	13.159
H10:58:57	907.583	16.405	19.935	19.995	13.202
H10:59:57	878.185	16.47	19.978	20.031	13.241
H11:00:57	824.656	16.735	20.019	19.749	13.205
H11:01:57	675.976	16.698	20.061	19.855	13.159
I11:02:57	1010.936	16.603	20.104	20.163	13.263
I11:03:57	1195.548	16.766	20.147	20.176	13.22
I11:04:57	1220.619	16.864	20.19	20.169	13.155
I11:05:57	1220.678	16.749	20.236	20.025	13.212
H11:06:57	571.767	16.628	20.282	19.073	13.212
H11:07:57	746.283	16.889	20.33	19.573	13.198
H11:08:57	742.734	17.11	20.382	19.565	13.22
I11:09:57	1065.217	17.093	20.436	19.916	13.236
H11:10:57	805.113	17.659	20.489	19.56	13.2
H11:11:57	649.614	17.717	20.545	19.665	13.143
H11:12:57	830.346	17.452	20.603	19.826	13.159
H11:13:57	596.345	16.777	20.659	19.435	13.167
H11:14:57	290.407	16.799	20.712	19.1	13.152
H11:15:57	353.344	17.018	20.765	19.397	13.142
H11:16:57	637.546	17.01	20.817	19.998	13.155
H11:17:57	774.715	16.498	20.868	20.319	13.162
H11:18:57	754.589	16.382	20.915	19.875	13.19
H11:19:57	706.082	16.328	20.956	20.036	13.188
H11:20:57	815.735	16.687	20.995	19.842	13.21
H11:21:57	836.75	16.6	21.034	20.122	13.222
I11:22:57	1093.935	16.822	21.062	20.444	13.195
I11:23:57	1172.34	16.379	21.091	20.399	13.138
H11:24:57	907.213	16.828	21.113	19.762	13.128
H11:25:57	433.429	16.529	21.133	19.37	13.142
H11:26:57	375.923	16.209	21.152	19.184	13.171
H11:27:57	313.992	16.127	21.172	19.323	13.145
H11:28:57	492.058	16.052	21.191	19.846	13.166
H11:29:57	771.763	16.041	21.209	20.048	13.162
H11:30:57	940.589	16.3	21.225	20.539	13.184
G11:31:57	685.903	16.411	21.24	20.114	13.196
G11:32:57	924.505	16.286	21.252	20.517	13.208
H11:33:57	1199.532	17.084	21.266	20.566	13.164
H11:34:57	966.179	17.709	21.278	20.125	13.126
I11:35:57	1106.814	17.321	21.292	20.283	13.19
H11:36:57	1180.229	16.622	21.309	20.283	13.205
H11:37:57	1174.156	16.698	21.324	20.272	13.136
H11:38:57	1096.309	16.769	21.342	20.114	13.148
H11:39:57	1040.341	16.8	21.363	19.82	13.193
G11:40:57	997.252	16.577	21.382	20.089	13.253
H11:41:57	1192.564	16.878	21.403	20.191	13.169
H11:42:57	1177.679	17.384	21.427	20.023	13.131
H11:43:57	1175.986	18.117	21.454	19.916	13.205
I11:44:57	1080.543	18.507	21.485	19.679	13.226
I11:45:57	1029.33	18.34	21.52	19.801	13.219
H11:46:57	965.459	17.377	21.559	19.722	13.15
I11:47:57	1085.201	17.385	21.602	19.922	13.138
I11:48:57	1097.86	17.421	21.645	19.89	13.196
I11:49:57	1119.538	17.711	21.682	19.79	13.226
I11:50:57	1125.02	17.405	21.72	19.971	13.157
I11:51:57	1118.506	17.535	21.757	19.953	13.135
I11:52:57	1140.904	17.424	21.79	19.881	13.188
H11:53:57	908.2	17.146	21.824	19.656	13.215
G11:54:57	795.478	16.665	21.856	19.462	13.275
G11:55:57	881.701	16.805	21.884	19.812	13.186
H11:56:57	1135.012	17.015	21.911	20.128	13.133
H11:57:57	1163.373	17.413	21.937	19.959	13.167
H11:58:57	1181.469	17.997	21.957	19.867	13.2
H11:59:57	1186.783	17.994	21.979	19.869	13.143
H12:00:57	1129.679	17.695	22.006	19.743	13.109
H12:01:57	1098.418	17.363	22.035	19.896	13.116
H12:02:57	1177.141	17.302	22.063	19.875	13.166
G12:03:57	580.844	17.923	22.096	19.167	13.179
I12:04:57	1002.903	18.03	22.129	19.848	13.2
H12:05:57	862.042	18.087	22.163	19.764	13.155
I12:06:57	1192.343	18.408	22.197	20.167	13.111
I12:07:57	1085.863	18.098	22.233	19.929	13.145
H12:08:57	576.062	17.98	22.266	19.262	13.142
H12:09:57	494.692	17.41	22.298	19.342	13.142
H12:10:57	377.675	17.174	22.332	19.24	13.14
H12:11:57	346.836	17.255	22.365	19.428	13.124
H12:12:57	350.32	17.372	22.396	19.521	13.121
H12:13:57	737.563	17.562	22.425	20.178	13.131
H12:14:57	985.716	17.596	22.45	20.051	13.178
H12:15:57	817.96	17.637	22.478	20.097	13.184
H12:16:57	761.817	17.786	22.501	19.774	13.159
H12:17:57	488.807	17.722	22.52	19.573	13.109
H12:18:57	501.518	17.319	22.537	19.708	13.133
I12:19:57	1081.289	17.515	22.553	20.277	13.195
H12:20:57	534.543	17.52	22.568	19.736	13.188
H12:21:57	849.26	18.458	22.584	20.041	13.198
H12:22:57	968.197	18.493	22.598	20.451	13.14
I12:23:57	1091.819	18.194	22.617	20.342	13.102
I12:24:57	1098.003	18.033	22.636	20.23	13.207
I12:25:57	1103.667	18.106	22.657	20.093	13.203
I12:26:57	1101.137	17.915	22.677	20.157	13.176
I12:27:57	1096.472	18.005	22.698	20.075	13.117
I12:28:57	1073.373	18.011	22.719	19.846	13.119
I12:29:57	1070.985	17.832	22.744	19.778	13.174
I12:30:57	1077.26	17.235	22.767	19.884	13.212
I12:31:57	1083.949	17.513	22.793	19.951	13.157
I12:32:57	1041.97	18.027	22.818	19.925	13.109
I12:33:57	1063.459	18.164	22.841	19.838	13.133
I12:34:57	1085.383	18.341	22.865	19.815	13.179
H12:35:57	505.326	18.278	22.888	18.838	13.183
H12:36:57	566.408	18.07	22.914	19.318	13.171
H12:37:57	689.829	17.637	22.941	19.746	13.169
I12:38:57	1060.902	17.637	22.968	20.157	13.208
I12:39:57	1071.388	17.502	22.994	20.106	13.157
H12:40:57	670.688	17.452	23.018	19.549	13.111
I12:41:57	1056.828	17.297	23.043	19.767	13.136
H12:42:57	989.453	17.521	23.063	20.033	13.174
H12:43:57	831.378	18.367	23.079	19.856	13.193
H12:44:57	993.34	18.444	23.093	20.02	13.178
H12:45:57	445.491	18.338	23.104	19.104	13.121
H12:46:57	232.732	18.585	23.113	18.84	13.119
H12:47:57	575.31	18.008	23.122	19.858	13.208
I12:48:57	1043.384	17.736	23.131	20.351	13.15
I12:49:57	1057.34	17.689	23.138	20.237	13.107
H12:50:57	742.04	17.791	23.146	19.648	13.133
H12:51:57	570.43	17.513	23.151	19.611	13.166
H12:52:57	329.999	17.347	23.155	19.352	13.152
H12:53:57	372.322	17.391	23.157	19.656	13.14
H12:54:57	654.117	17.171	23.158	20.255	13.147
H12:55:57	475.5	17.107	23.158	19.593	13.155
H12:56:57	278.443	17.124	23.151	19.497	13.147
H12:57:57	327.936	17.026	23.142	19.765	13.119
H12:58:57	483.461	17.021	23.134	20.166	13.123
H12:59:57	493.096	17.702	23.123	19.936	13.123
H13:00:57	339.868	17.785	23.114	19.519	13.123
H13:01:57	314.518	17.585	23.107	19.481	13.117
H13:02:57	639.771	17.986	23.102	20.062	13.124
H13:03:57	345.662	17.691	23.098	19.502	13.123
H13:04:57	471.464	17.324	23.098	20.09	13.123
H13:05:57	359.216	17.515	23.1	19.823	13.085
H13:06:57	328.046	17.75	23.104	19.653	13.133
H13:07:57	313.752	17.64	23.111	19.722	13.121
H13:08:57	772.47	17.565	23.122	20.5	13.114
H13:09:57	989.693	17.816	23.136	20.451	13.152
H13:10:57	992.989	17.89	23.151	20.281	13.193
H13:11:57	837.522	17.747	23.168	20.047	13.217
H13:12:57	991.211	17.97	23.186	20.325	13.172
I13:13:57	1006.556	18.027	23.204	20.217	13.114
I13:14:57	1006.965	17.811	23.222	20.165	13.081
I13:15:57	1004.895	17.643	23.239	20.14	13.066
I13:16:57	1007.744	17.634	23.257	20.064	13.114
I13:17:57	1017.236	17.703	23.269	20.129	13.148
I13:18:57	1012.928	18.109	23.277	20.096	13.176
I13:19:57	1005.492	17.846	23.282	20.154	13.147
I13:20:57	1045.551	18.212	23.285	20.227	13.097
H13:21:57	973.459	18.925	23.286	20.141	13.076
H13:22:57	665.244	18.511	23.288	19.659	13.076
H13:23:57	248.434	17.722	23.292	18.889	13.097
H13:24:57	482.507	17.703	23.299	19.714	13.109
H13:25:57	996.934	17.942	23.31	20.376	13.148
H13:26:57	962.066	18.747	23.323	20.131	13.179
H13:27:57	614.032	18.278	23.338	19.603	13.178
H13:28:57	967.354	18.281	23.35	20.098	13.167
H13:29:57	963.247	18.62	23.368	20.065	13.111
H13:30:57	944.002	18.221	23.391	19.985	13.08
H13:31:57	938.539	18.419	23.416	19.927	13.083
H13:32:57	967.977	18.79	23.439	19.747	13.136
H13:33:57	972.823	18.914	23.464	19.853	13.167
H13:34:57	405.121	19.162	23.493	18.889	13.154
H13:35:57	640.874	19.14	23.52	19.497	13.147
H13:36:57	507.305	18.645	23.545	19.362	13.155
H13:37:57	565.382	19.224	23.571	19.392	13.155
H13:38:57	277.119	19.198	23.595	19.005	13.145
H13:39:57	273.654	18.663	23.623	19.116	13.116
H13:40:57	300.99	18.68	23.651	19.27	13.1
H13:41:57	522.748	18.414	23.678	19.753	13.107
H13:42:57	897.358	18.213	23.705	20.253	13.126
H13:43:57	731.192	18.218	23.733	19.796	13.16
H13:45:02	518.958	18.352	23.76	19.641	13.15
H13:46:02	551.854	18.577	23.79	19.711	13.155
H13:47:02	978.689	18.308	23.822	20.256	13.171
H13:48:02	980.791	18.27	23.855	20.061	13.159
H13:49:02	948.369	18.695	23.889	19.949	13.104
H13:50:02	512.58	18.909	23.922	19.016	13.073
H13:51:02	613.467	18.793	23.956	19.502	13.1
H13:52:02	892.796	19.076	23.994	19.926	13.147
H13:53:02	867.472	19.214	24.03	19.73	13.162
H13:54:02	764.814	19.178	24.068	19.585	13.169
H13:55:02	881.915	18.698	24.107	19.814	13.148
H13:56:02	883.648	18.558	24.146	19.801	13.095
H13:57:02	892.654	19.008	24.184	19.785	13.075
H13:58:02	864.559	19.24	24.222	19.68	13.059
H13:59:02	868.452	19.257	24.262	19.79	13.054
H14:00:02	899.823	19.135	24.301	19.817	13.04
H14:01:02	899.512	19.125	24.34	19.674	13.097
H14:02:02	741.313	19.403	24.378	19.47	13.102
H14:03:02	847.417	19.667	24.416	19.467	13.123
H14:04:02	792.986	19.518	24.455	19.596	13.136
H14:05:02	893.38	20.055	24.49	19.684	13.157
H14:06:02	893.121	20.152	24.529	19.713	13.169
H14:07:02	908.654	20.154	24.569	19.694	13.171
H14:08:02	899.499	20.039	24.606	19.588	13.111
H14:09:02	695.928	19.87	24.64	19.459	13.078
H14:10:02	909.952	20.108	24.676	19.689	13.066
H14:11:02	904.229	20.751	24.71	19.73	13.056
H14:12:02	718.63	20.493	24.743	19.432	13.061
H14:13:02	892.926	20.863	24.775	19.614	13.116
H14:14:02	886.308	21.158	24.81	19.678	13.128
H14:15:02	885.452	20.761	24.845	19.37	13.145
H14:16:02	888.248	21.06	24.881	19.606	13.162
H14:17:02	885.348	20.56	24.916	19.516	13.179
H14:18:02	876.433	20.453	24.95	19.562	13.145
H14:19:02	860.634	20.257	24.98	19.531	13.092
H14:20:02	853.561	20.795	25.011	19.508	13.069
H14:21:02	857.052	20.094	25.039	19.579	13.059
H14:22:02	862.658	20.213	25.063	19.609	13.057
H14:23:02	867.304	19.788	25.081	19.662	13.111
H14:24:02	872.326	19.815	25.1	19.716	13.128
H14:25:02	888.54	19.862	25.117	19.715	13.152
H14:26:02	540.169	19.788	25.132	18.955	13.154
H14:27:02	360.676	19.176	25.145	18.962	13.128
H14:28:02	844.419	19.643	25.159	19.829	13.148
H14:29:02	781.963	19.97	25.172	19.715	13.162
H14:30:02	872.67	19.318	25.184	19.784	13.178
H14:31:02	813.094	19.465	25.198	19.831	13.131
H14:32:02	644.994	19.778	25.208	19.624	13.087
H14:33:02	868.543	20.584	25.218	19.891	13.066
H14:34:02	878.314	20.407	25.227	19.856	13.057
H14:35:02	785.538	20.357	25.234	19.581	13.059
H14:36:02	403.161	19.571	25.24	18.982	13.107
H14:37:02	602.891	19.489	25.246	19.354	13.124
H14:38:02	868.679	19.542	25.255	19.94	13.143
H14:39:02	666.574	19.736	25.26	19.682	13.087
H14:40:02	825.993	20.38	25.264	19.897	13.162
H14:41:02	865.597	20.467	25.27	19.823	13.181
H14:42:02	839.339	20.912	25.275	19.761	13.142
H14:43:02	785.752	20.795	25.283	19.746	13.09
H14:44:02	828.075	21.041	25.295	19.745	13.068
H14:45:02	818.901	20.958	25.307	19.741	13.057
H14:46:02	813.542	19.629	25.326	19.788	13.071
H14:47:02	796.672	19.43	25.345	19.583	13.129
H14:48:02	790.125	20.002	25.361	19.781	13.14
H14:49:02	793.544	19.552	25.379	19.744	13.157
H14:50:02	786.336	19.194	25.397	19.713	13.162
H14:51:02	780.646	19.544	25.411	19.807	13.172
H14:52:02	765.353	19.526	25.426	19.569	13.181
H14:53:02	754.816	19.363	25.44	19.801	13.183
H14:54:02	746.258	19.232	25.454	19.868	13.222
H14:55:02	738.452	18.752	25.466	19.91	13.184
H14:56:02	729.92	19.186	25.476	19.76	13.183
H14:57:02	722.99	19.656	25.483	19.845	13.184
H14:58:02	717.047	19.766	25.489	19.866	13.224
H14:59:02	711.279	19.154	25.491	19.858	13.186
H15:00:02	707.477	19.605	25.494	19.711	13.22
H15:01:02	705.608	19.865	25.498	19.74	13.22
H15:02:02	705.66	19.491	25.501	19.815	13.219
H15:03:02	706.458	18.726	25.506	19.806	13.183
H15:04:02	704.544	18.56	25.512	19.812	13.183
H15:05:02	701.988	18.354	25.517	19.867	13.219
H15:06:02	701.112	18.612	25.52	19.805	13.183
H15:07:02	697.692	18.682	25.519	19.827	13.183
H15:08:02	695.149	18.561	25.514	19.617	13.184
H15:09:02	696.213	19.102	25.508	19.856	13.183
H15:10:02	699.01	19.51	25.502	19.864	13.183
H15:11:02	696.992	19.008	25.495	19.784	13.183
H15:12:02	692.067	19.054	25.486	19.828	13.183
H15:13:02	692.158	19.302	25.478	19.797	13.183
H15:14:02	682.704	19.366	25.473	19.893	13.183
H15:15:02	679.849	19.411	25.468	19.828	13.183
H15:16:02	674.445	19.446	25.466	19.814	13.183
H15:17:02	520.853	19.281	25.467	19.54	13.174
H15:18:02	618.236	19.499	25.466	19.816	13.162
H15:19:02	642.782	19.326	25.471	19.686	13.164
H15:20:02	638.519	19.337	25.476	19.729	13.196
H15:21:02	632.777	19.454	25.482	19.819	13.164
H15:22:02	624.686	19.403	25.488	19.757	13.164
H15:23:02	635.742	19.539	25.498	19.769	13.162
H15:24:02	649.757	19.449	25.505	19.707	13.198
H15:25:02	643.742	19.246	25.516	19.583	13.162
H15:26:02	632.368	18.936	25.527	19.852	13.162
H15:27:02	626.327	18.887	25.541	19.825	13.195
H15:28:02	617.854	18.852	25.552	19.856	13.162
H15:29:02	610.139	18.89	25.564	19.735	13.162
H15:30:02	617.334	19.227	25.576	19.804	13.162
H15:31:02	612.52	19.206	25.587	19.704	13.162
H15:32:02	601.179	18.917	25.599	19.858	13.162
H15:33:02	542.394	18.844	25.611	19.718	13.162
H15:34:02	482.637	18.812	25.623	19.746	13.147
H15:35:02	586.599	18.796	25.634	19.937	13.15
H15:36:02	591.874	18.747	25.645	19.928	13.154
H15:37:02	600.432	18.844	25.655	19.768	13.155
H15:38:02	589.519	18.815	25.665	19.866	13.16
H15:39:02	574.22	19.084	25.673	19.836	13.157
H15:40:02	591.933	19.06	25.681	19.924	13.148
H15:41:02	594.431	18.863	25.69	19.873	13.184
H15:42:02	590.577	19.235	25.699	19.867	13.152
H15:43:02	582.161	19.173	25.706	19.913	13.145
H15:44:02	555.559	18.793	25.713	19.809	13.145
H15:45:02	422.302	18.739	25.721	19.601	13.14
H15:46:02	235.594	18.906	25.727	19.263	13.116
H15:47:02	490.78	18.798	25.733	20.092	13.111
H15:48:02	563.254	19.21	25.739	19.941	13.121
H15:49:02	557.35	19.449	25.744	19.986	13.121
H15:50:02	549.999	19.483	25.748	19.995	13.121
H15:51:02	540.084	19.862	25.752	19.93	13.121
H15:52:02	536.094	19.722	25.754	19.96	13.121
H15:53:02	537.839	19.751	25.755	20.034	13.121
H15:54:02	537.398	20.278	25.756	19.848	13.121
H15:55:02	538.56	20.516	25.756	19.927	13.119
H15:56:02	537.385	19.947	25.756	19.921	13.121
H15:57:02	543.789	19.934	25.756	19.843	13.121
H15:58:02	539.28	20.086	25.758	19.877	13.121
H15:59:02	526.757	19.958	25.759	19.763	13.121
H16:00:02	522.748	19.839	25.759	19.92	13.119
H16:01:02	509.31	20.205	25.762	19.753	13.117
H16:02:02	501.362	20.381	25.763	19.856	13.111
H16:03:02	490.689	20.621	25.765	19.738	13.102
H16:04:02	485.161	19.754	25.766	19.783	13.1
H16:05:02	482.539	19.653	25.77	19.792	13.1
H16:06:02	438.309	19.77	25.772	19.615	13.123
H16:07:02	468.311	20.055	25.773	19.804	13.093
H16:08:02	398.743	19.815	25.773	19.615	13.081
H16:09:02	423.664	19.576	25.775	19.68	13.08
H16:10:02	452.992	19.857	25.775	19.812	13.08
H16:11:02	439.775	20.073	25.777	19.799	13.08
H16:12:02	354.311	20.126	25.777	19.589	13.08
H16:13:02	386.376	20.414	25.778	19.805	13.078
H16:14:02	414.315	21.054	25.78	19.823	13.075
H16:15:02	407.723	20.628	25.781	19.656	13.066
H16:16:02	400.404	20.268	25.784	19.789	13.061
H16:17:02	389.938	20.315	25.787	19.678	13.059
H16:18:02	384.54	20.299	25.79	19.681	13.059
H16:19:02	380.251	20.281	25.792	19.698	13.059
H16:20:02	373.789	20.242	25.795	19.661	13.057
H16:21:02	366.054	20.168	25.797	19.761	13.059
H16:22:02	358.878	20.06	25.798	19.685	13.056
H16:23:02	346.298	19.984	25.798	19.634	13.054
H16:24:02	338.81	19.651	25.8	19.672	13.04
H16:25:02	330.304	19.648	25.8	19.719	13.04
H16:26:02	322.466	19.957	25.8	19.562	13.039
H16:27:02	305.622	19.566	25.799	19.668	13.039
H16:28:02	292.126	19.435	25.797	19.634	13.039
H16:29:02	296.273	19.59	25.792	19.622	13.032
H16:30:02	306.479	19.417	25.788	19.539	13.028
H16:31:02	306.725	19.379	25.782	19.648	13.023
H16:32:02	301.762	19.27	25.776	19.689	13.021
H16:33:02	292.042	19.214	25.77	19.659	13.018
H16:34:02	293.132	18.914	25.764	19.718	13.047
G16:35:02	292.049	18.86	25.756	19.176	13.124
G16:36:02	291.134	18.963	25.748	19.486	13.135
G16:37:02	290.018	18.763	25.739	19.524	13.171
G16:38:02	290.057	18.828	25.728	19.564	13.147
G16:39:02	288.48	18.987	25.717	19.516	13.169
G16:40:02	279.293	19.361	25.708	19.741	13.176
G16:41:02	266.459	19.227	25.697	19.645	13.162
G16:42:02	274.868	19.379	25.685	19.502	13.162
G16:43:02	267.769	19.248	25.674	19.637	13.16
G16:44:02	266.485	19.326	25.661	19.683	13.142
G16:45:02	263.377	19.116	25.648	19.607	13.123
G16:46:02	263.396	19.076	25.634	19.749	13.133
G16:47:02	260.165	19.385	25.62	19.508	13.131
G16:48:02	252.664	19.122	25.605	19.535	13.119
G16:49:02	243.14	19.195	25.589	19.554	13.095
G16:50:02	224.979	19.544	25.576	19.437	13.088
G16:51:02	208.563	19.224	25.563	19.22	13.08
G16:52:02	202.322	18.981	25.55	19.119	13.08
G16:53:02	200.842	18.593	25.536	19.557	13.08
G16:54:02	201.121	18.542	25.521	19.526	13.064
G16:55:02	204.735	18.72	25.508	19.453	13.071
G16:56:02	199.343	18.842	25.495	19.481	13.068
G16:57:02	191.973	19.068	25.479	19.379	13.066
G16:58:02	184.031	18.704	25.463	19.216	13.066
G16:59:02	177.244	18.677	25.446	19.249	13.061
G17:00:02	169.841	18.55	25.43	19.133	13.039
G17:01:02	157.766	18.232	25.412	19.415	13.039
G17:02:02	151.206	18.21	25.394	19.237	13.045
G17:03:02	149.111	18.232	25.372	19.375	13.044
G17:04:02	148.683	18.21	25.351	19.195	13.033
G17:05:02	149.734	17.989	25.328	19.281	13.021
G17:06:02	151.194	17.904	25.306	19.242	13.021
G17:07:02	150.778	17.83	25.284	19.141	13.033
G17:08:02	152.212	17.863	25.26	19.302	13.025
G17:09:02	154.431	17.841	25.238	18.82	13.051
G17:10:02	155.125	17.942	25.215	18.442	13.135
G17:11:02	156.397	18.137	25.191	19.302	13.155
G17:12:02	156.261	18.117	25.169	19.186	13.162
G17:13:02	153.769	18.109	25.145	19.07	13.162
G17:14:02	146.866	17.912	25.122	19.085	13.162
G17:15:02	138.892	17.659	25.1	19.16	13.174
G17:16:02	131.235	17.349	25.077	18.769	13.162
G17:17:02	127.388	17.36	25.054	19.162	13.16
G17:18:02	124.286	17.399	25.028	18.93	13.16
G17:19:02	122.1	17.634	25.002	18.51	13.143
G17:20:02	118.356	17.585	24.976	18.73	13.147
G17:21:02	113.827	17.634	24.951	18.985	13.133
G17:22:02	111.076	17.662	24.926	18.296	13.124
G17:23:02	107.131	17.601	24.9	18.546	13.124
G17:24:02	103.439	17.546	24.874	18.899	13.114
G17:25:02	100.805	17.463	24.85	18.745	13.104
F17:26:02	98.742	17.127	24.825	18.429	13.088
F17:27:02	96.627	17.093	24.8	18.686	13.087
F17:28:02	93.973	17.032	24.775	18.208	13.08
F17:29:02	91.877	17.032	24.75	18.142	13.08
F17:30:02	87.64	17.146	24.725	18.564	13.087
F17:31:02	81.087	17.194	24.697	18.436	13.066
F17:32:02	70.836	17.266	24.671	18.292	13.061
F17:33:02	61.453	17.199	24.644	18.515	13.057
F17:34:02	56.431	17.177	24.617	17.617	13.059
F17:35:02	53.246	17.308	24.59	18.401	13.042
F17:36:02	50.813	17.372	24.561	17.571	13.042
F17:37:02	48.645	17.269	24.531	17.766	13.042
F17:38:02	46.504	17.11	24.501	17.758	13.032
F17:39:02	44.188	16.968	24.473	17.808	13.033
F17:40:02	42.118	17.001	24.444	17.878	13.021
F17:41:02	39.964	16.881	24.414	18.065	13.02
F17:42:02	37.739	16.749	24.383	17.402	13.02
F17:43:02	35.675	16.729	24.352	17.354	13.021
F17:44:02	33.859	16.8	24.32	17.362	13.023
F17:45:02	31.847	16.701	24.287	16.681	13.021
E17:46:02	29.674	16.541	24.253	17.065	13.02
E17:47:02	27.513	16.445	24.217	15.993	13.016
E17:48:02	25.742	16.399	24.18	15.932	13.028
E17:49:02	24.016	16.345	24.142	16.327	13.028
E17:50:02	22.465	16.306	24.1	15.636	13.035
E17:51:02	20.849	16.243	24.059	15.406	13.027
E17:52:02	19.266	16.226	24.02	15.367	13.02
E17:53:02	17.625	16.206	23.979	14.443	13.018
E17:54:02	15.97	16.127	23.94	13.531	13.018
E17:55:02	14.601	16.072	23.901	14.096	13.016
E17:56:02	13.265	16.05	23.861	13.313	13.018
E17:57:02	12.214	15.935	23.822	13.304	12.999
E17:58:02	10.734	15.692	23.78	13.269	12.996
D17:59:02	9.54	15.637	23.739	12.691	12.978
D18:00:02	8.528	15.715	23.699	11.772	12.977
D18:01:02	7.665	15.671	23.657	10.721	12.977
C18:02:02	6.627	15.504	23.613	9.564	12.966
C18:03:02	5.771	15.47	23.57	8.367	12.96
C18:04:02	5.213	15.447	23.527	7.248	12.956
C18:05:02	4.849	15.403	23.482	6.348	12.956
C18:06:02	4.713	15.62	23.436	5.667	12.954
C18:07:02	4.629	15.516	23.392	5.13	12.948
C18:08:02	4.473	15.493	23.351	4.646	12.937
C18:09:02	4.447	15.478	23.311	4.197	12.936
C18:10:02	4.239	15.278	23.267	3.761	12.932
C18:11:02	4.142	15.139	23.22	3.329	12.917
C18:12:02	4.174	15.162	23.174	2.867	12.915
C18:13:02	4.129	15.267	23.13	2.412	12.915
C18:14:02	4.162	15.247	23.085	1.951	12.915
C18:15:02	4.123	15.136	23.038	1.523	12.912
C18:16:02	4.097	15.066	22.992	1.14	12.903
C18:17:02	4.149	15.016	22.948	0.819	12.894
C18:18:02	4.116	14.955	22.902	0.56	12.894
C18:19:02	4.11	14.882	22.856	0.366	12.894
C18:20:02	4.025	14.817	22.812	0.229	12.894
C18:21:02	4.116	14.817	22.765	0.147	12.884
C18:22:02	3.908	14.841	22.718	0.073	12.879
C18:23:02	3.908	14.855	22.671	0.038	12.874
C18:24:02	4.012	14.879	22.621	0.027	12.872
C18:25:02	3.98	14.829	22.569	0.014	12.87
C18:26:02	4.006	14.715	22.518	0.013	12.858
C18:27:02	3.934	14.72	22.468	0.01	12.855
C18:28:02	4.032	14.744	22.421	0.011	12.853
C18:29:02	4.233	14.653	22.375	0.013	12.848
C18:30:02	4.473	14.626	22.329	0.002	12.85
C18:31:02	4.35	14.635	22.285	0.01	12.846
C18:32:02	4.466	14.57	22.242	0.006	12.834
C18:33:02	4.687	14.576	22.197	0.003	12.833
C18:34:02	5.122	14.597	22.154	0.009	12.833
C18:35:02	4.998	14.594	22.113	0.005	12.833
C18:36:02	5.044	14.759	22.072	0.013	12.833
C18:37:02	4.973	14.706	22.033	0.009	12.833
C18:38:02	4.836	14.873	21.99	0.01	12.829
C18:39:02	5.102	15.113	21.95	0.008	12.814
C18:40:02	5.284	15.235	21.911	0.007	12.814
C18:41:02	5.375	15.037	21.872	0.007	12.812
C18:42:02	5.479	14.908	21.836	0.009	12.812
C18:43:02	5.394	14.741	21.798	0.01	12.809
C18:44:02	5.388	14.712	21.76	0.007	12.8
C18:45:02	5.102	14.829	21.722	0.01	12.793
C18:46:02	4.888	14.812	21.685	0.01	12.793
C18:47:02	4.921	14.826	21.647	0.01	12.791
C18:48:02	5.076	14.82	21.608	0.007	12.79
C18:49:02	5.187	14.993	21.566	0.013	12.788
C18:50:02	5.563	15.174	21.524	0.004	12.779
C18:51:02	5.797	15.264	21.48	0.01	12.779
C18:52:02	6.186	15.305	21.436	0.006	12.771
C18:53:02	6.231	15.397	21.39	0.009	12.771
C18:54:02	6.393	15.2	21.342	0.001	12.771
C18:55:02	6.744	14.888	21.296	0.003	12.761
C18:56:02	6.393	14.782	21.253	0.008	12.754
C18:57:02	5.991	14.773	21.214	0.005	12.752
C18:58:02	5.894	14.908	21.177	0.011	12.75
C18:59:02	5.686	14.858	21.142	0.008	12.75
C19:00:02	0	14.946	21.11	0.005	12.75
C19:01:02	0	14.823	21.078	0.012	12.75
C19:02:02	0	14.585	21.046	0.007	12.75
C19:03:02	0	14.446	21.014	0.005	12.743
C19:04:02	0	14.393	20.983	0.007	12.731
C19:05:02	0	14.316	20.955	0.003	12.73
C19:06:02	0	14.304	20.93	0.007	12.731
C19:07:02	0	14.295	20.905	0.006	12.73
C19:08:02	0	14.366	20.88	0.008	12.73
C19:09:02	0	14.286	20.855	0.011	12.726
C19:10:02	0	14.062	20.831	0.01	12.723
C19:11:02	0	14.009	20.807	0.01	12.712
C19:12:02	0	14.021	20.784	0.003	12.711
C19:13:02	0	13.928	20.76	0.007	12.709
C19:14:02	0	13.958	20.737	0.01	12.709
C19:15:02	0	13.988	20.712	0.003	12.706
C19:16:02	0	14.086	20.689	0.004	12.706
C19:17:02	0	14.137	20.668	0.007	12.694
C19:18:02	0	14.015	20.646	0.008	12.688
C19:19:02	0	13.874	20.622	0.012	12.688
C19:20:02	0	13.757	20.599	0.008	12.688
C19:21:02	0	13.802	20.577	0.008	12.688
C19:22:02	0	13.865	20.554	0.004	12.685
C19:23:02	0	13.784	20.534	0.013	12.678
C19:24:02	0	13.85	20.511	0.006	12.675
C19:25:02	0	13.895	20.492	0.003	12.671
C19:26:02	0	13.862	20.47	0.003	12.668
C19:27:02	0	13.922	20.45	0.01	12.668
C19:28:02	0	13.907	20.426	0.007	12.668
C19:29:02	0	13.826	20.405	0.01	12.668
C19:30:02	0	13.675	20.385	0.012	12.666
C19:31:02	0	13.585	20.364	0.007	12.664
C19:32:02	0	13.706	20.344	0.005	12.666
C19:33:02	0	13.645	20.323	0.016	12.659
C19:34:02	0	13.53	20.304	0.007	12.647
C19:35:02	0	13.573	20.284	0.004	12.649
C19:36:02	0	13.573	20.265	0.009	12.647
C19:37:02	0	13.63	20.245	0.013	12.647
C19:38:02	0	13.678	20.224	0.008	12.646
C19:39:02	0	13.763	20.204	0.008	12.64
C19:40:02	0	13.862	20.184	0.006	12.637
C19:41:02	0	13.817	20.166	0.005	12.628
C19:42:02	0	13.787	20.148	0.01	12.628
C19:43:02	0	13.88	20.129	0.01	12.628
C19:44:02	0	13.988	20.112	0.001	12.627
C19:45:02	0	14.054	20.096	0.014	12.627
C19:46:02	0	14.024	20.079	0.012	12.627
C19:47:02	0	13.988	20.061	0.007	12.623
C19:48:02	0	14.018	20.044	0.011	12.613
C19:49:02	0	14.086	20.028	0.016	12.611
C19:50:02	0	14.298	20.012	0.01	12.606
C19:51:02	0	14.443	19.997	0.01	12.606
C19:52:02	0	14.479	19.981	0.004	12.604
C19:53:02	0	14.544	19.967	0.006	12.604
C19:54:02	0	14.529	19.952	0.008	12.596
C19:55:02	0	14.603	19.937	0.007	12.596
C19:56:02	0	14.594	19.922	0.004	12.586
C19:57:02	0	14.676	19.907	0.006	12.586
C19:58:02	0	14.656	19.894	0.014	12.586
C19:59:02	0	14.476	19.88	0.015	12.586
C20:00:02	0	14.396	19.866	0.002	12.586
C20:01:02	0	14.393	19.854	0.011	12.586
C20:02:02	0	14.381	19.842	0.01	12.58
C20:03:02	0	14.538	19.829	0.005	12.579
C20:04:02	0	14.844	19.817	0.012	12.57
C20:05:02	0	14.605	19.806	0.01	12.565
C20:06:02	0	14.488	19.795	0.004	12.565
C20:07:02	0	14.419	19.782	0.007	12.565
C20:08:02	0	14.428	19.77	0.009	12.565
C20:09:02	0	14.623	19.758	0.007	12.565
C20:10:02	0	14.726	19.747	0.012	12.565
C20:11:02	0	14.735	19.735	0.008	12.565
C20:12:02	0	14.694	19.725	0.008	12.556
C20:13:02	0	14.715	19.715	0.009	12.555
C20:14:02	0	14.809	19.705	0.012	12.548
C20:15:02	0	14.814	19.695	0.014	12.544
C20:16:02	0	14.785	19.686	0.003	12.544
C20:17:02	0	14.732	19.677	0.012	12.543
C20:18:02	0	14.715	19.669	0.007	12.544
C20:19:02	0	14.67	19.66	0.01	12.541
C20:20:02	0	14.638	19.652	0.015	12.534
C20:21:02	0	14.788	19.643	0.007	12.525
C20:22:02	0	14.823	19.635	0.015	12.529
C20:23:02	0	14.767	19.627	0.009	12.525
C20:24:02	0	14.644	19.62	0.01	12.524
C20:25:02	0	14.535	19.612	0.006	12.524
C20:26:02	0	14.561	19.605	0.001	12.522
C20:27:02	0	14.597	19.599	0.018	12.522
C20:28:02	0	14.626	19.592	0.015	12.519
C20:29:02	0	14.588	19.584	0.012	12.51
C20:30:02	0	14.632	19.577	0.007	12.508
C20:31:02	0	14.726	19.57	0.006	12.503
C20:32:02	0	14.717	19.562	0.009	12.503
C20:33:02	0	14.814	19.555	0.007	12.503
C20:34:02	0	14.838	19.548	0.013	12.503
C20:35:02	0	15.019	19.541	0.01	12.503
C20:36:02	0	15.13	19.534	0.012	12.503
C20:37:02	0	15.185	19.527	0.011	12.5
C20:38:02	0	14.999	19.521	0.003	12.498
C20:39:02	0	14.867	19.513	0.018	12.5
C20:40:02	0	14.788	19.507	0.006	12.488
C20:41:02	0	14.62	19.501	0.01	12.484
C20:42:02	0	14.603	19.495	0.011	12.483
C20:43:02	0	14.493	19.489	0.009	12.483
C20:44:02	0	14.402	19.483	0.007	12.483
C20:45:02	0	14.375	19.476	0.007	12.483
C20:46:02	0	14.372	19.469	0.009	12.483
C20:47:02	0	14.274	19.462	0.008	12.483
C20:48:02	0	14.247	19.453	0.01	12.476
C20:49:02	0	14.277	19.447	0.015	12.472
C20:50:02	0	14.443	19.439	0.006	12.465
C20:51:02	0	14.544	19.43	0.007	12.469
C20:52:02	0	14.396	19.422	0.007	12.462
C20:53:02	0	14.143	19.412	0.009	12.462
C20:54:02	0	13.91	19.404	0.013	12.462
C20:55:02	0	13.76	19.394	0.007	12.462
C20:56:02	0	13.736	19.383	0.009	12.46
C20:57:02	0	13.781	19.371	0.009	12.46
C20:58:02	0	13.808	19.359	0.009	12.455
C20:59:02	0	13.919	19.346	0.008	12.457
C21:00:02	0	13.976	19.332	0.01	12.447
C21:01:02	0	13.934	19.319	0.005	12.443
C21:02:02	0	13.952	19.307	0.01	12.441
C21:03:02	0	13.967	19.293	0.009	12.441
C21:04:02	0	13.982	19.279	0.009	12.44
C21:05:02	0	13.991	19.267	0.015	12.441
C21:06:02	0	14.069	19.254	0.007	12.435
C21:07:02	0	14.226	19.24	0.005	12.426
C21:08:02	0	14.425	19.227	0.006	12.424
C21:09:02	0	14.564	19.213	0.006	12.422
C21:10:02	0	14.369	19.201	0.007	12.422
C21:11:02	0	14.262	19.188	0.013	12.421
C21:12:02	0	13.994	19.175	0.007	12.421
C21:13:02	0	13.964	19.161	0.005	12.421
C21:14:02	0	13.973	19.146	0.012	12.421
C21:15:02	0	14.152	19.133	0.006	12.421
C21:16:02	0	14.452	19.121	0.007	12.421
C21:17:02	0	14.552	19.107	0.008	12.421
C21:18:02	0	14.411	19.096	0.006	12.419
C21:19:02	0	14.345	19.083	0.008	12.419
C21:20:02	0	14.256	19.07	0.007	12.412
C21:21:02	0	14.206	19.057	0.005	12.402
C21:22:02	0	14.077	19.045	0.009	12.404
C21:23:02	0	13.892	19.033	0.007	12.4
C21:24:02	0	13.919	19.021	0.009	12.4
C21:25:02	0	13.943	19.009	0.007	12.4
C21:26:02	0	14.015	18.999	0.008	12.4
C21:27:02	0	13.973	18.989	0.012	12.4
C21:28:02	0	13.886	18.976	0.009	12.398
C21:29:02	0	13.748	18.964	0.004	12.397
C21:30:02	0	13.564	18.953	0.009	12.393
C21:31:02	0	13.534	18.942	0.01	12.388
C21:32:02	0	13.506	18.93	0.004	12.385
C21:33:02	0	13.379	18.919	0.006	12.385
C21:34:02	0	13.549	18.907	0.01	12.38
C21:35:02	0	13.709	18.895	0.012	12.38
C21:36:02	0	13.591	18.883	0.009	12.38
C21:37:02	0	13.336	18.87	0.01	12.38
C21:38:02	0	13.327	18.859	0.008	12.38
C21:39:02	0	13.147	18.848	0.002	12.38
C21:40:02	0	13.004	18.836	0.006	12.369
C21:41:02	0	13.013	18.824	0.012	12.369
C21:42:02	0	12.788	18.811	0.015	12.369
C21:43:02	0	12.609	18.797	0.012	12.361
C21:44:02	0	12.479	18.783	0.011	12.362
C21:45:02	0	12.355	18.77	0.007	12.359
C21:46:02	0	12.367	18.757	0.003	12.359
C21:47:02	0	12.46	18.743	0.004	12.359
C21:48:02	0	12.544	18.727	0.006	12.359
C21:49:02	0	12.544	18.712	0.011	12.359
C21:50:02	0	12.541	18.695	0.012	12.356
C21:51:02	0	12.547	18.678	0.009	12.357
C21:52:02	0	12.267	18.661	0.013	12.356
C21:53:02	0	12.001	18.643	0.013	12.35
C21:54:02	0	11.916	18.624	0.004	12.349
C21:55:02	0	12.239	18.605	0.012	12.342
C21:56:02	0	12.702	18.586	0.004	12.34
C21:57:02	0	12.77	18.566	0.007	12.338
C21:58:02	0	12.339	18.545	0.007	12.34
C21:59:02	0	12.27	18.523	0.01	12.338
C22:00:02	0	12.411	18.501	0.015	12.338
C22:01:02	0	12.625	18.479	0.006	12.338
C22:02:02	0	12.696	18.458	0.009	12.338
C22:03:02	0	12.557	18.437	0.01	12.338
C22:04:02	0	12.436	18.417	0.01	12.338
C22:05:02	0	12.429	18.398	0.006	12.337
C22:06:02	0	12.33	18.377	0.009	12.333
C22:07:02	0	11.862	18.359	0.007	12.335
C22:08:02	0	11.777	18.34	0.012	12.337
C22:09:02	0	12.01	18.32	0.007	12.332
C22:10:02	0	12.064	18.302	0.005	12.326
C22:11:02	0	12.214	18.283	0.012	12.321
C22:12:02	0	12.173	18.263	0.002	12.318
C22:13:02	0	12.386	18.244	0.004	12.32
C22:14:02	0	12.214	18.227	0.006	12.318
C22:15:02	0	12.289	18.208	0.014	12.318
C22:16:02	0	12.33	18.19	0.009	12.318
C22:17:02	0	12.333	18.175	0.007	12.318
C22:18:02	0	12.28	18.158	0.013	12.318
C22:19:02	0	12.126	18.14	0.004	12.318
C22:20:02	0	12.198	18.125	0.008	12.318
C22:21:02	0	12.361	18.106	0.006	12.318
C22:22:02	0	12.305	18.088	0.004	12.318
C22:23:02	0	12.389	18.072	0.008	12.318
C22:24:02	0	12.339	18.052	0.007	12.314
C22:25:02	0	12.336	18.033	0.004	12.314
C22:26:02	0	12.192	18.015	0.012	12.314
C22:27:02	0	12.161	17.996	0.01	12.313
C22:28:02	0	12.18	17.977	0.001	12.311
C22:29:02	0	12.067	17.96	0.011	12.311
C22:30:02	0	12.073	17.942	0.007	12.306
C22:31:02	0	12.136	17.925	0.01	12.302
C22:32:02	0	12.057	17.909	0.007	12.299
C22:33:02	0	11.957	17.893	0.007	12.297
C22:34:02	0	11.669	17.878	0.009	12.297
C22:35:02	0	12.013	17.863	0.005	12.297
C22:36:02	0	12.145	17.846	0.006	12.297
C22:37:02	0	12.098	17.83	0.015	12.297
C22:38:02	0	12.158	17.814	0.007	12.299
C22:39:02	0	12.12	17.797	0.011	12.297
C22:40:02	0	12.07	17.781	0.007	12.297
C22:41:02	0	12.186	17.765	0.003	12.297
C22:42:02	0	12.33	17.749	0.008	12.297
C22:43:02	0	12.035	17.734	0.004	12.297
C22:44:02	0	11.875	17.718	0.007	12.297
C22:45:02	0	11.853	17.702	0.015	12.297
C22:46:02	0	11.71	17.688	0.018	12.297
C22:47:02	0	11.793	17.672	0.014	12.296
C22:48:02	0	12.067	17.657	0.015	12.297
C22:49:02	0	12.327	17.643	0.012	12.297
C22:50:02	0	12.364	17.629	0.008	12.292
C22:51:02	0	12.426	17.613	0.012	12.296
C22:52:02	0	12.148	17.598	0.007	12.292
C22:53:02	0	11.824	17.583	0.007	12.29
C22:54:02	0	11.799	17.568	0.014	12.292
C22:55:02	0	11.85	17.554	0.003	12.289
C22:56:02	0	12.007	17.538	0.008	12.287
C22:57:02	0	12.289	17.524	0.006	12.287
C22:58:02	0	12.594	17.51	0.019	12.282
C22:59:02	0	12.64	17.497	0.008	12.282
C23:00:02	0	12.659	17.486	0.006	12.28
C23:01:02	0	12.585	17.474	0.01	12.283
C23:02:02	0	12.355	17.461	0.004	12.28
C23:03:02	0	12.13	17.449	0.008	12.28
C23:04:02	0	12.045	17.438	0.014	12.278
C23:05:02	0	12.18	17.427	0.005	12.282
C23:06:02	0	12.173	17.416	0.007	12.278
C23:07:05	0	12.236	17.402	0.002	12.28
C23:08:02	0	12.095	17.39	0.007	12.278
C23:09:02	0	12.045	17.38	0.005	12.277
C23:10:02	0	12.277	17.372	0.009	12.278
C23:11:02	0	12.051	17.363	0.011	12.277
C23:12:02	0	11.742	17.354	0.01	12.278
C23:13:02	0	11.571	17.346	0.005	12.282
C23:14:02	0	11.714	17.337	0.006	12.277
C23:15:02	0	11.862	17.327	0.012	12.277
C23:16:02	0	12.083	17.318	0.013	12.278
C23:17:02	0	12.133	17.31	0.007	12.28
C23:18:02	0	12.161	17.301	0.006	12.277
C23:19:02	0	12.448	17.294	0.014	12.277
C23:20:02	0	12.392	17.288	0.004	12.277
C23:21:02	0	12.507	17.281	0.011	12.277
C23:22:02	0	12.467	17.274	0.009	12.277
C23:23:02	0	12.198	17.267	0.011	12.277
C23:24:02	0	12.152	17.26	0.005	12.277
C23:25:02	0	12.108	17.254	0.01	12.277
C23:26:02	0	11.913	17.247	0.013	12.277
C23:27:02	0	11.805	17.241	0.003	12.277
C23:28:02	0	11.843	17.236	0.009	12.278
C23:29:02	0	11.523	17.231	0.009	12.277
C23:30:02	0	11.283	17.225	0.012	12.277
C23:31:02	0	11.341	17.22	0.006	12.277
C23:32:02	0	11.251	17.216	0.004	12.277
C23:33:02	0	11.309	17.21	0.005	12.277
C23:34:02	0	11.344	17.205	0.009	12.277
C23:35:02	0	11.255	17.2	0.01	12.277
C23:36:02	0	11.206	17.195	0.01	12.277
C23:37:02	0	11.303	17.19	0.005	12.277
C23:38:02	0	11.424	17.184	0.01	12.277
C23:39:02	0	11.357	17.177	0.014	12.277
C23:40:02	0	11.386	17.171	0.01	12.277
C23:41:02	0	11.431	17.164	0.01	12.277
C23:42:02	0	11.363	17.157	0.008	12.277
C23:43:02	0	11.421	17.151	0.008	12.277
C23:44:02	0	11.399	17.144	0.012	12.277
C23:45:02	0	11.331	17.137	0.016	12.277
C23:46:02	0	11.36	17.13	0.015	12.277
C23:47:02	0	11.45	17.122	0.013	12.277
C23:48:02	0	11.488	17.114	0.007	12.277
C23:49:02	0	11.402	17.105	0.007	12.277
C23:50:02	0	11.475	17.098	0.012	12.277
C23:51:02	0	11.437	17.091	0.012	12.277
C23:52:02	0	11.453	17.084	0.009	12.277
C23:53:02	0	11.494	17.078	0.009	12.277
C23:54:02	0	11.466	17.071	0.011	12.277
C23:55:02	0	11.434	17.064	0.004	12.277
C23:56:02	0	11.399	17.056	0.011	12.277
C23:57:02	0	11.386	17.049	0.013	12.277
C23:58:02	0	11.411	17.042	0.011	12.277
C23:59:02	0	11.402	17.034	0.008	12.277
