C00:00:02	0	14.173	16.984	0.009	12.278
C00:01:02	0	14.152	16.986	0.01	12.28
C00:02:02	0	14.149	16.987	0.009	12.28
C00:03:02	0	14.179	16.988	0.01	12.277
C00:04:02	0	13.943	16.988	0.013	12.278
C00:05:02	0	13.832	16.988	0.011	12.278
C00:06:02	0	13.859	16.99	0.01	12.28
C00:07:02	0	13.913	16.991	0.01	12.283
C00:08:02	0	13.907	16.992	0.005	12.282
C00:09:02	0	13.838	16.992	0.008	12.28
C00:10:02	0	13.862	16.992	0.012	12.278
C00:11:02	0	13.946	16.992	0.008	12.282
C00:12:02	0	13.826	16.989	0.012	12.283
C00:13:02	0	13.754	16.988	0.009	12.28
C00:14:02	0	13.712	16.986	0.014	12.282
C00:15:02	0	13.775	16.984	0	12.278
C00:16:02	0	13.823	16.982	0.012	12.283
C00:17:02	0	13.832	16.98	0.009	12.283
C00:18:02	0	13.88	16.979	0.012	12.277
C00:19:02	0	13.841	16.977	0.007	12.28
C00:20:02	0	13.727	16.976	0.012	12.283
C00:21:02	0	13.691	16.975	0.007	12.278
C00:22:02	0	13.709	16.973	0.012	12.28
C00:23:02	0	13.754	16.972	0.007	12.278
C00:24:02	0	13.793	16.971	0.01	12.277
C00:25:02	0	13.666	16.971	0.013	12.282
C00:26:02	0	13.612	16.97	0.01	12.278
C00:27:02	0	13.5	16.968	0.004	12.282
C00:28:02	0	13.534	16.967	0.012	12.282
C00:29:02	0	13.606	16.965	0.015	12.282
C00:30:02	0	13.624	16.963	0.012	12.277
C00:31:02	0	13.573	16.961	0.012	12.28
C00:32:02	0	13.437	16.958	0.005	12.28
C00:33:02	0	13.324	16.955	0.013	12.278
C00:34:02	0	13.418	16.952	0.006	12.278
C00:35:02	0	13.612	16.949	0.007	12.277
C00:36:02	0	13.684	16.946	0.007	12.28
C00:37:02	0	13.579	16.944	0.007	12.278
C00:38:02	0	13.63	16.941	0.008	12.278
C00:39:02	0	13.615	16.938	0.008	12.277
C00:40:02	0	13.348	16.936	0.009	12.278
C00:41:02	0	13.239	16.932	0.009	12.28
C00:42:02	0	13.269	16.929	0.012	12.277
C00:43:02	0	13.318	16.926	0.01	12.277
C00:44:02	0	13.379	16.924	0.01	12.278
C00:45:02	0	13.412	16.921	0.008	12.277
C00:46:02	0	13.272	16.92	0.006	12.278
C00:47:02	0	13.196	16.918	0.009	12.278
C00:48:02	0	13.227	16.916	0.012	12.278
C00:49:02	0	13.23	16.914	0.019	12.28
C00:50:02	0	13.318	16.911	0.004	12.277
C00:51:02	0	13.491	16.908	0.009	12.277
C00:52:02	0	13.582	16.904	0.009	12.277
C00:53:02	0	13.503	16.899	0.008	12.278
C00:54:02	0	13.382	16.895	0.012	12.278
C00:55:02	0	13.431	16.891	0.005	12.277
C00:56:02	0	13.6	16.887	0.01	12.277
C00:57:02	0	13.742	16.885	0.01	12.278
C00:58:02	0	13.814	16.883	0.011	12.277
C00:59:02	0	13.916	16.882	0.018	12.277
C01:00:02	0	13.802	16.88	0.006	12.277
C01:01:02	0	13.865	16.878	0.007	12.277
C01:02:02	0	13.865	16.877	0.009	12.277
C01:03:02	0	13.85	16.876	0.008	12.278
C01:04:02	0	13.856	16.874	0.013	12.277
C01:05:02	0	13.892	16.875	0.004	12.277
C01:06:02	0	13.826	16.876	0.001	12.277
C01:07:02	0	13.781	16.876	0.008	12.277
C01:08:02	0	13.621	16.875	0.013	12.277
C01:09:02	0	13.494	16.874	0.004	12.277
C01:10:02	0	13.464	16.872	0.008	12.277
C01:11:02	0	13.321	16.872	0.016	12.277
C01:12:02	0	13.135	16.872	0.004	12.277
C01:13:02	0	13.01	16.871	0.009	12.277
C01:14:02	0	13.065	16.869	0.005	12.277
C01:15:02	0	13.096	16.868	0.012	12.277
C01:16:02	0	13.08	16.867	0.005	12.277
C01:17:02	0	13.129	16.866	0.005	12.277
C01:18:02	0	13.257	16.866	0.01	12.275
C01:19:02	0	13.297	16.864	0.008	12.277
C01:20:02	0	13.282	16.864	0.009	12.277
C01:21:02	0	13.257	16.862	0.01	12.277
C01:22:02	0	13.285	16.862	0.005	12.277
C01:23:02	0	13.306	16.861	0.011	12.277
C01:24:02	0	13.382	16.86	0.007	12.277
C01:25:02	0	13.394	16.858	0.011	12.277
C01:26:02	0	13.397	16.856	0.012	12.277
C01:27:02	0	13.23	16.852	0.011	12.275
C01:28:02	0	13.209	16.848	0.004	12.277
C01:29:02	0	13.257	16.844	0.008	12.277
C01:30:02	0	13.4	16.841	0.005	12.275
C01:31:02	0	13.403	16.835	0.011	12.277
C01:32:02	0	13.388	16.83	0.001	12.277
C01:33:02	0	13.373	16.825	0.006	12.275
C01:34:02	0	13.352	16.821	0.012	12.27
C01:35:02	0	13.385	16.817	0.012	12.275
C01:36:02	0	13.327	16.816	0.009	12.27
C01:37:02	0	13.26	16.814	0.014	12.273
C01:38:02	0	13.23	16.812	0.008	12.273
C01:39:02	0	13.248	16.809	0.006	12.27
C01:40:02	0	13.279	16.808	0.004	12.275
C01:41:02	0	13.294	16.806	0.012	12.27
C01:42:02	0	13.236	16.806	0.012	12.27
C01:43:02	0	13.202	16.806	0.009	12.273
C01:44:02	0	13.233	16.806	0.003	12.273
C01:45:02	0	13.348	16.806	0.014	12.273
C01:46:02	0	13.576	16.807	0.001	12.275
C01:47:02	0	13.715	16.808	0.01	12.271
C01:48:02	0	13.784	16.81	0.006	12.271
C01:49:02	0	13.715	16.812	0.008	12.27
C01:50:02	0	13.57	16.812	0.007	12.268
C01:51:02	0	13.424	16.813	0.013	12.268
C01:52:02	0	13.355	16.813	0.006	12.268
C01:53:02	0	13.421	16.814	0.007	12.268
C01:54:02	0	13.276	16.814	0.014	12.268
C01:55:02	0	13.373	16.815	0.007	12.27
C01:56:02	0	13.543	16.815	0.007	12.27
C01:57:02	0	13.54	16.815	0.007	12.268
C01:58:02	0	13.361	16.815	0.008	12.268
C01:59:02	0	13.157	16.812	0.006	12.263
C02:00:02	0	13.224	16.812	0.011	12.266
C02:01:02	0	13.004	16.811	0.01	12.266
C02:02:02	0	13.016	16.809	0.003	12.263
C02:03:02	0	13.025	16.808	0.01	12.263
C02:04:02	0	13.288	16.804	0.008	12.261
C02:05:02	0	13.515	16.8	0.006	12.261
C02:06:02	0	13.588	16.793	0.012	12.258
C02:07:02	0	13.682	16.785	0.012	12.261
C02:08:02	0	13.724	16.778	0.012	12.261
C02:09:02	0	13.736	16.771	0.012	12.256
C02:10:02	0	13.657	16.765	0.007	12.266
C02:11:02	0	13.269	16.759	0.01	12.256
C02:12:02	0	13.23	16.754	0.002	12.261
C02:13:02	0	13.187	16.747	0.012	12.261
C02:14:02	0	13.141	16.737	0.014	12.261
C02:15:02	0	13.193	16.725	0.015	12.263
C02:16:02	0	13.248	16.712	0.016	12.258
C02:17:02	0	13.187	16.697	0.009	12.261
C02:18:02	0	13.099	16.681	0.013	12.261
C02:19:02	0	13.123	16.667	0.012	12.258
C02:20:02	0	13.071	16.652	0.007	12.258
C02:21:02	0	12.952	16.635	0.011	12.258
C02:22:02	0	12.862	16.619	0.012	12.263
C02:23:02	0	12.952	16.605	0.008	12.259
C02:24:02	0	12.973	16.594	0.008	12.256
C02:25:02	0	13.01	16.585	0.008	12.256
C02:26:02	0	12.939	16.579	0.013	12.259
C02:27:02	0	12.81	16.575	0.01	12.258
C02:28:02	0	12.835	16.571	0.005	12.256
C02:29:02	0	12.819	16.569	0.011	12.256
C02:30:02	0	12.776	16.565	0.005	12.256
C02:31:02	0	12.696	16.562	0.005	12.256
C02:32:02	0	12.739	16.558	0.004	12.256
C02:33:02	0	12.816	16.554	0.004	12.256
C02:34:02	0	12.856	16.551	0.004	12.256
C02:35:02	0	13.019	16.549	0.01	12.256
C02:36:02	0	12.939	16.546	0.004	12.256
C02:37:02	0	12.955	16.542	0.009	12.256
C02:38:02	0	12.945	16.539	0.009	12.256
C02:39:02	0	12.881	16.535	0.009	12.256
C02:40:02	0	12.85	16.532	0.014	12.256
C02:41:02	0	12.699	16.528	0.015	12.256
C02:42:02	0	12.68	16.525	0.007	12.256
C02:43:02	0	12.819	16.521	0.009	12.256
C02:44:02	0	12.991	16.517	0.015	12.256
C02:45:02	0	12.967	16.512	0.01	12.256
C02:46:02	0	12.921	16.505	0.007	12.256
C02:47:02	0	12.924	16.497	0.011	12.256
C02:48:02	0	12.936	16.486	0.01	12.256
C02:49:02	0	12.998	16.473	0.008	12.256
C02:50:02	0	13.04	16.46	0.011	12.256
C02:51:02	0	13.031	16.448	0.012	12.256
C02:52:02	0	12.991	16.435	0.012	12.256
C02:53:02	0	12.905	16.421	0.004	12.256
C02:54:02	0	12.979	16.408	0.005	12.256
C02:55:02	0	13.086	16.394	0.004	12.256
C02:56:02	0	13.19	16.377	0.002	12.256
C02:57:02	0	13.205	16.363	0.01	12.256
C02:58:02	0	13.19	16.348	0.006	12.256
C02:59:02	0	13.086	16.331	0.006	12.256
C03:00:02	0	13.028	16.316	0.01	12.256
C03:01:02	0	12.988	16.302	0.013	12.256
C03:02:02	0	12.862	16.292	0.012	12.256
C03:03:02	0	12.779	16.284	0.015	12.256
C03:04:02	0	12.789	16.28	0.016	12.256
C03:05:02	0	12.819	16.276	0.009	12.256
C03:06:02	0	12.755	16.271	0.013	12.256
C03:07:02	0	12.736	16.268	0.022	12.256
C03:08:02	0	12.742	16.265	0.006	12.256
C03:09:02	0	12.801	16.262	0.01	12.256
C03:10:02	0	12.998	16.26	0.006	12.256
C03:11:02	0	13.08	16.257	0.013	12.256
C03:12:02	0	12.908	16.253	0.012	12.256
C03:13:02	0	12.69	16.248	0.019	12.256
C03:14:02	0	12.578	16.242	0.01	12.256
C03:15:02	0	12.68	16.235	0.008	12.256
C03:16:02	0	12.745	16.225	0.013	12.256
C03:17:02	0	12.634	16.213	0.011	12.256
C03:18:02	0	12.588	16.2	0.012	12.254
C03:19:02	0	12.56	16.187	0.002	12.253
C03:20:02	0	12.538	16.174	0.013	12.254
C03:21:02	0	12.46	16.161	0.01	12.254
C03:22:02	0	12.507	16.149	0.012	12.253
C03:23:02	0	12.578	16.141	0.011	12.254
C03:24:02	0	12.532	16.134	0.007	12.256
C03:25:02	0	12.417	16.13	0.003	12.254
C03:26:02	0	12.404	16.128	0.009	12.253
C03:27:02	0	12.386	16.126	0.007	12.253
C03:28:02	0	12.476	16.125	0.014	12.249
C03:29:02	0	12.563	16.124	0.012	12.247
C03:30:02	0	12.684	16.124	0.012	12.253
C03:31:02	0	12.727	16.123	0.007	12.249
C03:32:02	0	12.6	16.123	0.013	12.249
C03:33:02	0	12.634	16.124	0.012	12.244
C03:34:02	0	12.612	16.125	0.008	12.251
C03:35:02	0	12.687	16.126	0.011	12.246
C03:36:02	0	12.622	16.126	0.01	12.244
C03:37:02	0	12.476	16.123	0.009	12.246
C03:38:02	0	12.454	16.119	0.01	12.244
C03:39:02	0	12.668	16.114	0.015	12.249
C03:40:02	0	12.847	16.109	0.015	12.244
C03:41:02	0	12.798	16.104	0.004	12.244
C03:42:02	0	12.671	16.1	0.015	12.241
C03:43:02	0	12.65	16.096	0.007	12.235
C03:44:02	0	12.718	16.091	0.007	12.239
C03:45:02	0	12.705	16.086	0.011	12.239
C03:46:02	0	12.64	16.081	0.001	12.237
C03:47:02	0	12.563	16.075	0.01	12.242
C03:48:02	0	12.581	16.071	0.008	12.239
C03:49:02	0	12.637	16.067	0.009	12.239
C03:50:02	0	12.727	16.065	0.01	12.241
C03:51:02	0	12.755	16.066	0.008	12.237
C03:52:02	0	12.708	16.067	0.004	12.235
C03:53:02	0	12.739	16.068	0.007	12.235
C03:54:02	0	12.718	16.071	0.009	12.235
C03:55:02	0	12.687	16.075	0.007	12.235
C03:56:02	0	12.662	16.079	0.015	12.237
C03:57:02	0	12.73	16.083	0.01	12.235
C03:58:02	0	12.948	16.087	0.003	12.235
C03:59:02	0	13.056	16.091	0.004	12.235
C04:00:02	0	13.004	16.094	0.011	12.235
C04:01:02	0	12.696	16.096	0.003	12.235
C04:02:02	0	12.606	16.097	0.007	12.235
C04:03:02	0	12.622	16.098	0.012	12.235
C04:04:02	0	12.65	16.098	0.014	12.235
C04:05:02	0	12.68	16.098	0.007	12.235
C04:06:02	0	12.798	16.098	0.009	12.235
C04:07:02	0	12.841	16.098	0.012	12.235
C04:08:02	0	12.908	16.097	0.01	12.235
C04:09:02	0	13.007	16.093	0.015	12.235
C04:10:02	0	12.862	16.088	0.006	12.235
C04:11:02	0	12.939	16.082	0.012	12.235
C04:12:02	0	13.04	16.074	0.005	12.235
C04:13:02	0	12.924	16.066	0.01	12.235
C04:14:02	0	12.822	16.058	0.01	12.235
C04:15:02	0	12.825	16.05	0.012	12.235
C04:16:02	0	12.819	16.042	0.003	12.235
C04:17:02	0	12.807	16.036	0.009	12.235
C04:18:02	0	12.708	16.031	0.01	12.235
C04:19:02	0	12.714	16.028	0.008	12.235
C04:20:02	0	12.822	16.027	0.01	12.235
C04:21:02	0	12.847	16.025	0.007	12.235
C04:22:02	0	12.912	16.026	0.012	12.235
C04:23:02	0	12.942	16.027	0.008	12.235
C04:24:02	0	12.955	16.028	0.008	12.235
C04:25:02	0	12.948	16.029	0.01	12.235
C04:26:02	0	13.043	16.03	0.007	12.235
C04:27:02	0	12.93	16.03	0.008	12.234
C04:28:02	0	12.782	16.03	0.011	12.235
C04:29:02	0	12.699	16.029	0.007	12.235
C04:30:02	0	12.711	16.028	0.01	12.235
C04:31:02	0	12.684	16.028	0.006	12.234
C04:32:02	0	12.739	16.028	0.012	12.234
C04:33:02	0	12.798	16.028	0.001	12.23
C04:34:02	0	12.804	16.03	0.01	12.232
C04:35:02	0	12.813	16.031	0.011	12.234
C04:36:02	0	12.912	16.035	0.004	12.235
C04:37:02	0	12.994	16.039	0.009	12.229
C04:38:02	0	12.918	16.042	0.015	12.232
C04:39:02	0	12.933	16.045	0.006	12.232
C04:40:02	0	12.939	16.047	0.008	12.232
C04:41:02	0	12.988	16.049	0.008	12.232
C04:42:02	0	13.12	16.048	0.004	12.229
C04:43:02	0	13.151	16.046	0.011	12.225
C04:44:02	0	13.114	16.042	0.001	12.229
C04:45:02	0	13.12	16.037	0.01	12.22
C04:46:02	0	13.022	16.032	0.009	12.225
C04:47:02	0	13.013	16.028	0.007	12.223
C04:48:02	0	12.884	16.022	0.012	12.223
C04:49:02	0	12.912	16.02	0.005	12.218
C04:50:02	0	13.016	16.016	0.012	12.222
C04:51:02	0	13.043	16.012	0.009	12.215
C04:52:02	0	13.108	16.008	0.013	12.217
C04:53:02	0	13.196	16.003	0.006	12.215
C04:54:02	0	13.157	15.997	0.01	12.215
C04:55:02	0	13.031	15.992	0.005	12.218
C04:56:02	0	12.973	15.986	0.007	12.215
C04:57:02	0	12.915	15.982	0.007	12.215
C04:58:02	0	12.958	15.977	0.013	12.217
C04:59:02	0	13.053	15.973	0.005	12.215
D05:00:02	9.949	13.138	15.968	0.012	12.215
D05:01:02	9.956	13.138	15.964	0.005	12.215
D05:02:02	9.865	12.998	15.96	0.012	12.215
D05:03:02	9.904	13.065	15.956	0.008	12.215
D05:04:02	9.923	13.05	15.951	0.009	12.215
D05:05:02	9.969	13.074	15.946	0.015	12.215
E05:06:02	10.001	13.123	15.943	0.004	12.215
D05:07:02	9.832	13.141	15.939	0.01	12.215
D05:08:02	9.56	13.12	15.938	0.007	12.215
D05:09:02	9.339	13.224	15.939	0.004	12.215
D05:10:02	9.183	13.178	15.941	0.006	12.215
D05:11:02	8.93	13.025	15.944	0.012	12.213
D05:12:02	9.008	12.939	15.947	0.007	12.215
D05:13:02	9.17	12.89	15.951	0.005	12.213
D05:14:02	9.235	12.844	15.955	0.014	12.215
D05:15:02	9.028	12.878	15.958	0.01	12.215
D05:16:02	8.866	12.899	15.963	0.007	12.215
D05:17:02	8.658	12.816	15.966	0.014	12.211
D05:18:02	8.515	12.838	15.971	0.007	12.213
D05:19:02	8.275	12.841	15.974	0.009	12.21
D05:20:02	8.217	12.832	15.975	0.012	12.21
D05:21:02	8.321	12.816	15.973	0.01	12.206
D05:22:02	8.262	12.758	15.971	0.01	12.21
D05:23:02	8.009	12.705	15.966	0.003	12.205
D05:24:02	7.756	12.625	15.961	0.005	12.21
D05:25:02	7.691	12.724	15.954	0.018	12.208
D05:26:02	7.814	12.687	15.948	0.004	12.21
D05:27:02	8.08	12.708	15.94	0.012	12.199
D05:28:02	8.509	12.813	15.933	0.012	12.194
D05:29:02	8.911	12.81	15.926	0.009	12.201
D05:30:02	9.086	12.705	15.918	0.004	12.201
D05:31:02	9.248	12.6	15.911	0.012	12.199
D05:32:02	9.313	12.541	15.903	0.012	12.201
D05:33:02	9.391	12.634	15.895	0.031	12.196
D05:34:02	9.456	12.637	15.889	0.056	12.196
D05:35:02	9.469	12.594	15.882	0.078	12.196
D05:36:02	9.56	12.6	15.876	0.138	12.196
D05:37:02	9.677	12.69	15.871	0.173	12.196
D05:38:02	9.696	12.711	15.866	0.253	12.198
D05:39:02	9.754	12.687	15.865	0.41	12.194
D05:40:02	9.845	12.677	15.865	0.802	12.194
E05:41:02	10.007	12.696	15.865	1.51	12.194
E05:42:02	10.261	12.671	15.868	2.785	12.194
E05:43:02	10.728	12.752	15.872	4.165	12.194
E05:44:02	10.974	12.714	15.876	4.855	12.196
E05:45:02	10.877	12.755	15.879	4.515	12.194
E05:46:02	10.806	12.829	15.882	4.159	12.194
E05:47:02	10.844	12.832	15.884	4.157	12.194
E05:48:02	11.026	12.909	15.883	4.472	12.194
E05:49:02	11.143	12.97	15.883	4.89	12.194
E05:50:02	11.377	12.988	15.882	5.65	12.194
E05:51:02	11.746	12.896	15.881	6.725	12.194
E05:52:02	12.045	12.829	15.879	7.66	12.194
E05:53:02	12.025	12.742	15.877	8.26	12.194
E05:54:02	12.311	12.782	15.877	9.141	12.194
F05:55:02	13.141	12.878	15.875	10.168	12.193
F05:56:02	14.004	12.921	15.872	11.162	12.194
F05:57:02	15.068	13.01	15.868	12.176	12.194
F05:58:02	16.061	12.979	15.865	12.478	12.194
F05:59:02	16.658	12.905	15.861	12.481	12.194
F06:00:02	17.391	12.893	15.857	12.486	12.198
F06:01:02	18.202	12.902	15.854	12.494	12.213
F06:02:02	19.493	12.991	15.851	12.504	12.218
F06:03:02	20.752	13.102	15.849	12.508	12.23
F06:04:02	21.667	13.102	15.847	12.518	12.235
F06:05:02	22.277	13.108	15.843	12.527	12.239
F06:06:02	23.056	13.135	15.839	12.535	12.256
F06:07:02	24.087	12.958	15.835	12.549	12.266
F06:08:02	25.223	12.764	15.834	12.563	12.28
F06:09:02	26.391	12.733	15.832	12.58	12.299
F06:10:02	28.778	12.81	15.834	12.604	12.32
F06:11:02	31.244	12.905	15.836	12.63	12.338
F06:12:02	33.255	12.964	15.839	12.656	12.366
F06:13:02	35.241	13.043	15.841	12.68	12.395
F06:14:02	36.266	12.988	15.844	12.705	12.419
F06:15:02	36.344	12.982	15.848	12.727	12.441
F06:16:02	36.298	12.985	15.851	12.751	12.469
F06:17:02	37.512	13.612	15.856	12.771	12.489
F06:18:02	38.939	13.952	15.863	12.798	12.513
F06:19:02	39.997	13.733	15.871	12.828	12.543
F06:20:02	40.632	13.54	15.881	12.855	12.57
F06:21:02	42.3	13.482	15.891	12.889	12.599
F06:22:02	44.921	13.555	15.904	12.935	12.651
F06:23:02	44.714	13.576	15.917	12.974	12.687
F06:24:02	45.68	13.621	15.93	13.015	12.73
F06:25:02	47.069	13.691	15.942	13.071	12.776
F06:26:02	45.207	13.706	15.956	13.093	12.802
F06:27:02	49.664	13.66	15.969	13.178	12.891
F06:28:02	59.176	13.724	15.982	13.883	13.21
F06:29:02	63.063	13.784	15.997	15.081	13.346
F06:30:02	67.332	13.865	16.011	15.415	13.318
F06:31:02	65.651	13.853	16.025	16.32	13.323
F06:32:02	62.213	13.847	16.039	15.338	13.303
F06:33:02	60.389	13.862	16.055	15.732	13.291
F06:34:02	58.417	13.844	16.07	15.726	13.311
F06:35:02	56.341	13.817	16.087	15.037	13.296
F06:36:02	55.465	13.781	16.102	16.219	13.306
F06:37:02	53.985	13.748	16.116	15.024	13.323
F06:38:02	52.357	13.826	16.129	16.174	13.32
F06:39:02	53.648	13.889	16.142	16.236	13.256
F06:40:02	55.666	13.916	16.155	16.289	13.274
F06:41:02	58.566	13.91	16.171	15.994	13.301
F06:42:02	58.715	13.907	16.185	16.429	13.244
F06:43:02	55.763	13.916	16.199	16.195	13.219
F06:44:02	53.434	14.009	16.213	16.426	13.196
F06:45:02	54.732	13.847	16.227	16.934	13.308
F06:46:02	58.67	13.838	16.241	16.226	13.322
F06:47:02	57.651	13.934	16.257	16.805	13.291
F06:48:02	58.371	14.015	16.273	16.658	13.287
F06:49:02	59.994	14.036	16.288	17.21	13.323
F06:50:02	57.872	14.06	16.303	17.236	13.335
F06:51:02	58.923	13.979	16.321	16.552	13.313
F06:52:02	60.045	13.868	16.338	16.931	13.32
F06:53:02	63.679	13.979	16.354	17.244	13.315
F06:54:02	73.145	14.077	16.368	16.955	13.315
F06:55:02	80.107	14.227	16.384	17.937	13.315
F06:56:02	83.352	14.167	16.4	17.145	13.279
F06:57:02	77.986	14.164	16.416	18.341	13.263
F06:58:02	70.913	14.158	16.432	18.264	13.203
F06:59:02	73.411	14.232	16.449	17.234	13.181
F07:00:02	74.417	14.218	16.464	17.337	13.21
F07:01:02	71.543	14.092	16.481	18.133	13.214
F07:02:02	68.934	14.066	16.497	16.799	13.193
F07:03:02	66.255	14.149	16.513	18.003	13.268
F07:04:02	67.968	14.262	16.531	18.404	13.255
F07:05:02	73.593	14.262	16.548	18.2	13.244
F07:06:02	75.864	14.351	16.564	17.706	13.313
F07:07:02	69.285	14.375	16.581	18.126	13.299
F07:08:02	61.272	14.434	16.598	17.317	13.219
F07:09:02	58.936	14.455	16.616	16.824	13.176
F07:10:02	56.769	14.375	16.634	16.794	13.202
F07:11:02	53.966	14.455	16.651	17.385	13.32
F07:12:02	56.685	14.502	16.667	18.44	13.327
F07:13:02	62.887	14.52	16.683	18.255	13.32
F07:14:02	68.253	14.597	16.699	17.602	13.303
F07:15:02	71.043	14.52	16.716	18.167	13.296
F07:16:02	69.045	14.482	16.732	17.555	13.32
F07:17:02	70.557	14.541	16.748	17.395	13.284
F07:18:02	70.375	14.529	16.764	17.62	13.277
F07:19:02	64.094	14.52	16.778	18.207	13.217
F07:20:02	60.474	14.511	16.793	18.403	13.232
F07:21:02	62.297	14.547	16.808	17.117	13.294
F07:22:02	66.021	14.591	16.821	18.272	13.281
F07:23:02	69.246	14.635	16.835	16.957	13.323
F07:24:02	65.729	14.694	16.848	18.034	13.282
F07:25:02	62.874	14.685	16.862	17	13.21
F07:26:02	60.389	14.644	16.875	18.222	13.202
F07:27:02	61.272	14.541	16.887	17.267	13.267
F07:28:02	72.166	14.461	16.901	18.484	13.315
F07:29:02	79.874	14.452	16.915	18.165	13.313
F07:30:02	85.83	14.452	16.93	19.025	13.291
F07:31:02	80.425	14.582	16.945	18.16	13.272
F07:32:02	71.9	14.638	16.961	18.524	13.21
F07:33:02	65.548	14.656	16.976	18.518	13.26
F07:34:02	63.672	14.706	16.991	17.637	13.207
F07:35:02	69.226	14.647	17.006	18.512	13.268
F07:36:02	71.647	14.482	17.019	17.004	13.222
F07:37:02	67.961	14.452	17.032	17.278	13.256
F07:38:02	69.544	14.488	17.046	18.437	13.244
F07:39:02	77.875	14.585	17.058	18.145	13.224
F07:40:02	81.645	14.667	17.07	18.127	13.229
F07:41:02	78.2	14.682	17.081	18.675	13.301
F07:42:02	76.999	14.709	17.092	18.127	13.274
F07:43:02	76.837	14.712	17.103	19.002	13.272
F07:44:02	74.995	14.665	17.114	17.336	13.27
F07:45:02	72.665	14.717	17.126	18.185	13.256
F07:46:02	70.187	14.85	17.136	17.749	13.236
F07:47:02	68.286	14.911	17.147	17.946	13.198
F07:48:02	67.754	14.973	17.157	18.265	13.179
F07:49:02	67.092	14.911	17.167	18.366	13.212
F07:50:02	63.439	14.876	17.178	17.444	13.248
F07:51:02	60.869	14.611	17.189	17.868	13.255
F07:52:02	59.221	14.428	17.202	17.81	13.246
F07:53:02	63.406	14.405	17.213	18.144	13.274
F07:54:02	73.496	14.434	17.224	18.418	13.31
F07:55:02	86.142	14.535	17.236	18.526	13.308
F07:56:02	96.108	14.36	17.248	18.64	13.308
G07:57:02	102.933	14.277	17.259	19.159	13.306
G07:58:02	116.053	14.405	17.272	19.767	13.31
G07:59:02	143.174	14.508	17.285	19.779	13.294
G08:00:02	154.885	14.573	17.298	19.59	13.268
H08:01:02	154.444	14.65	17.314	19.539	13.198
H08:02:02	150.305	14.647	17.33	19.828	13.21
G08:03:02	138.937	14.753	17.346	19.321	13.296
G08:04:02	126.674	14.629	17.362	19.54	13.246
G08:05:02	119.024	14.461	17.378	19.222	13.202
G08:06:02	130.911	14.378	17.397	19.689	13.186
H08:07:02	150.129	14.274	17.42	19.563	13.214
H08:08:02	158.493	14.221	17.439	19.567	13.255
G08:09:02	134.94	14.259	17.456	19.374	13.25
G08:10:02	124.546	14.143	17.475	19.297	13.207
H08:11:02	134.992	14.107	17.491	19.496	13.205
H08:12:02	141.403	14.057	17.509	18.908	13.217
H08:13:02	129.211	14.083	17.528	19.005	13.205
H08:14:02	126.973	14.072	17.546	19.5	13.191
H08:15:02	124.163	13.991	17.563	19.014	13.27
H08:16:02	120.854	14.158	17.58	18.95	13.19
H08:17:02	123.638	14.268	17.598	19.026	13.243
H08:18:02	122.878	14.259	17.616	18.542	13.238
H08:19:02	114.937	14.485	17.634	18.423	13.26
H08:20:02	108.669	14.505	17.652	19.049	13.207
G08:21:02	105.775	14.496	17.669	19.236	13.198
G08:22:02	103.141	14.57	17.687	18.737	13.299
G08:23:02	102.7	14.555	17.704	19.287	13.258
H08:24:02	114.476	14.614	17.722	19.011	13.265
H08:25:02	118.11	14.723	17.739	18.642	13.306
H08:26:02	119.511	14.726	17.756	19.349	13.296
H08:27:02	121.38	14.614	17.771	19.519	13.263
H08:28:02	128.283	14.526	17.786	18.713	13.255
H08:29:02	139.242	14.487	17.8	19.109	13.306
H08:30:02	136.783	14.425	17.816	19.178	13.303
H08:31:02	126.765	14.164	17.83	18.898	13.32
H08:32:02	120.101	14.051	17.842	19.279	13.303
H08:33:02	138.742	14.152	17.856	19.354	13.296
H08:34:02	158.992	14.336	17.868	19.567	13.31
H08:35:02	158.882	14.277	17.877	19.525	13.305
H08:36:02	177.153	14.369	17.887	19.59	13.281
H08:37:02	167.44	14.36	17.898	19.843	13.25
H08:38:02	160.251	14.274	17.911	19.595	13.215
H08:39:02	155.106	14.176	17.924	19.597	13.21
H08:40:02	161.302	14.215	17.935	19.919	13.193
H08:41:02	185.393	14.49	17.944	19.812	13.214
H08:42:02	217.173	14.553	17.95	20.178	13.26
H08:43:02	213.579	14.614	17.954	20.085	13.277
H08:44:02	192.823	14.682	17.959	19.73	13.239
H08:45:02	200.648	14.635	17.967	19.843	13.196
H08:46:02	209.524	14.832	17.977	19.95	13.179
H08:47:02	207.791	15.127	17.992	19.711	13.176
H08:48:02	192.076	15.29	18.011	19.744	13.293
H08:49:02	186.944	15.481	18.03	19.671	13.305
H08:50:02	178.075	15.597	18.051	19.494	13.308
H08:51:02	165.137	15.464	18.075	19.727	13.303
H08:52:02	182.149	15.66	18.101	19.708	13.296
H08:53:02	185.601	15.778	18.129	19.553	13.238
H08:54:02	190.973	15.709	18.157	19.746	13.198
H08:55:02	202.38	15.749	18.187	19.498	13.181
H08:56:02	234.504	15.738	18.216	19.963	13.226
H08:57:02	238.695	15.798	18.248	19.592	13.241
H08:58:02	207.369	15.781	18.281	19.846	13.234
H08:59:02	202.497	15.576	18.314	19.664	13.219
H09:00:02	224.44	15.397	18.347	19.746	13.219
H09:01:02	249.719	15.504	18.381	19.846	13.258
H09:02:02	368.708	15.594	18.416	20.319	13.256
H09:03:02	644.521	16.152	18.45	20.634	13.238
H09:04:02	345.409	16.394	18.488	19.886	13.203
H09:05:02	302.183	16.467	18.526	19.76	13.25
H09:06:02	280.305	16.411	18.566	19.478	13.214
H09:07:02	289.505	16.388	18.607	19.859	13.203
H09:08:02	293.515	16.521	18.649	19.596	13.222
H09:09:02	237.047	16.555	18.694	19.495	13.193
H09:10:02	253.209	16.476	18.739	19.607	13.162
H09:11:02	413.633	16.67	18.785	19.741	13.193
H09:12:02	416.41	16.861	18.835	19.998	13.203
H09:13:02	367.196	16.948	18.883	19.7	13.234
H09:14:02	308.01	16.954	18.935	19.666	13.184
H09:15:02	311.955	16.996	18.99	19.381	13.244
H09:16:02	302.339	16.85	19.044	19.655	13.238
H09:17:02	275.4	16.842	19.101	19.361	13.246
H09:18:02	249.375	17.06	19.159	19.316	13.179
H09:19:02	221.358	16.998	19.217	18.973	13.167
H09:20:02	229.203	17.007	19.275	19.44	13.26
H09:21:02	261.132	17.038	19.333	19.542	13.265
H09:22:02	259.133	17.113	19.39	19.415	13.227
H09:23:02	226.627	17.052	19.445	19.372	13.178
H09:24:02	197.287	16.875	19.499	19.065	13.155
H09:25:02	193.283	16.937	19.552	19.015	13.171
H09:26:02	200.122	17.018	19.603	19.201	13.251
H09:27:02	223.752	17.102	19.652	19.477	13.26
H09:28:02	260.489	17.169	19.7	19.577	13.238
H09:29:02	237.929	17.13	19.748	19.574	13.198
H09:30:02	211.009	17.093	19.794	19.532	13.166
H09:31:02	192.492	16.906	19.838	19.457	13.159
H09:32:02	182.506	16.948	19.884	19.436	13.193
H09:33:02	170.159	16.934	19.928	19.12	13.26
H09:34:02	165.5	16.926	19.97	19.336	13.238
H09:35:02	184.329	17.026	20.011	19.411	13.226
H09:36:02	222.345	16.937	20.053	19.519	13.224
H09:37:02	220.943	17.043	20.095	19.571	13.234
H09:38:02	213.326	17.079	20.134	19.251	13.234
H09:39:02	236.268	17.082	20.175	19.382	13.263
H09:40:02	254.481	17.144	20.216	19.57	13.253
H09:41:02	248.616	17.169	20.257	19.886	13.224
H09:42:02	247.623	17.127	20.298	19.766	13.205
H09:43:02	244.697	17.007	20.337	19.667	13.203
H09:44:02	266.173	17.035	20.378	19.604	13.215
H09:45:02	325.736	17.235	20.418	19.951	13.215
H09:46:02	333.944	17.11	20.462	19.998	13.236
H09:47:02	369.078	16.828	20.501	19.997	13.253
H09:48:02	661.163	16.696	20.543	20.436	13.244
H09:49:02	848.65	16.881	20.587	20.573	13.212
H09:50:02	652.371	17.04	20.63	20.231	13.128
H09:51:02	526.355	17.238	20.673	19.887	13.171
H09:52:02	881.766	17.576	20.714	20.136	13.193
H09:53:02	314.751	17.49	20.757	19.076	13.133
H09:54:02	304.318	17.224	20.801	19.514	13.219
H09:55:02	315.848	17.13	20.844	19.647	13.26
H09:56:02	341.321	17.252	20.886	19.78	13.25
H09:57:02	336.176	17.074	20.927	19.788	13.176
H09:58:02	358.022	17.132	20.967	19.836	13.186
H09:59:02	322.836	17.374	21.009	19.662	13.145
H10:00:02	278.981	17.41	21.053	19.563	13.123
H10:01:02	244.048	17.485	21.093	19.272	13.126
H10:02:02	220.554	17.731	21.134	19.299	13.219
H10:03:02	206.753	17.556	21.173	19.329	13.25
H10:04:02	201.932	16.704	21.207	19.492	13.258
H10:05:02	222.046	16.311	21.24	19.582	13.244
H10:06:02	243.659	16.687	21.27	19.65	13.226
H10:07:02	268.658	16.884	21.301	19.715	13.227
H10:08:02	284.97	16.8	21.332	19.762	13.222
H10:09:02	292.743	16.639	21.362	19.765	13.224
H10:10:02	310.625	16.71	21.389	19.737	13.224
H10:11:02	327.793	16.822	21.416	19.918	13.226
H10:12:02	288.558	16.814	21.44	19.579	13.224
H10:13:02	237.573	16.603	21.463	19.515	13.21
H10:14:02	193.491	16.861	21.486	19.564	13.183
H10:15:02	181.007	16.8	21.509	19.349	13.178
H10:16:02	182.655	16.811	21.528	19.258	13.162
H10:17:02	189.371	16.78	21.547	19.514	13.152
H10:18:02	225.582	16.676	21.567	19.736	13.145
H10:19:02	275.808	16.388	21.59	19.938	13.16
H10:20:02	305.908	16.628	21.61	20.081	13.203
H10:21:02	297.869	17.163	21.631	19.946	13.181
H10:22:02	281.791	17.327	21.65	19.895	13.183
H10:23:02	271.052	17.43	21.669	19.771	13.183
H10:24:02	268.496	17.36	21.688	19.589	13.181
H10:25:02	254.974	17.432	21.708	19.744	13.183
H10:26:02	262.981	17.377	21.729	19.919	13.2
H10:27:02	269.047	17.341	21.75	19.661	13.183
H10:28:02	259.432	17.419	21.771	19.423	13.203
H10:29:02	235.899	17.249	21.793	19.732	13.183
H10:30:02	217.491	17.241	21.814	19.527	13.169
H10:31:02	222.753	17.163	21.833	19.676	13.162
H10:32:02	224.894	16.923	21.851	19.702	13.162
H10:33:02	215.201	16.836	21.865	19.36	13.162
H10:34:02	217.926	16.822	21.881	19.684	13.159
H10:35:02	223.467	17.051	21.897	19.758	13.16
H10:36:02	233.102	17.037	21.912	19.508	13.162
H10:37:02	268.6	17.174	21.929	19.92	13.162
H10:38:02	276.58	17.377	21.946	19.899	13.183
H10:39:02	260.931	17.302	21.962	19.798	13.162
H10:40:02	236.307	17.432	21.981	19.671	13.162
H10:41:02	210.01	17.587	22.002	19.587	13.174
H10:42:02	198.098	17.377	22.023	19.428	13.15
H10:43:02	218.192	17.063	22.04	19.687	13.142
H10:44:02	268.924	17.16	22.057	19.801	13.154
H10:45:02	256.278	17.105	22.074	19.446	13.162
H10:46:02	237.748	17.255	22.091	19.7	13.162
H10:47:02	231.039	17.371	22.107	19.562	13.162
H10:48:02	237.333	17.491	22.124	19.789	13.162
H10:49:02	254.559	17.205	22.141	19.703	13.162
H10:50:02	261.936	16.802	22.158	19.735	13.164
H10:51:02	259.309	16.783	22.177	19.894	13.166
H10:52:02	275.101	16.945	22.198	19.947	13.198
H10:53:02	295.5	17.046	22.219	19.67	13.184
H10:54:02	304.331	17.388	22.242	19.94	13.239
H10:55:02	325.366	17.681	22.263	19.776	13.214
H10:56:02	334.657	17.912	22.287	19.89	13.227
H10:57:02	316.536	18.076	22.308	19.679	13.253
H10:58:02	291.01	18.106	22.333	19.745	13.241
H10:59:02	260.957	17.824	22.36	19.617	13.234
H11:00:02	231.811	17.527	22.386	19.566	13.198
H11:01:02	219.464	17.31	22.412	19.527	13.195
H11:02:02	212.333	17.463	22.437	19.102	13.174
H11:03:02	202.231	17.285	22.461	19.376	13.176
H11:04:02	193.75	16.872	22.482	19.658	13.157
H11:05:02	188.774	16.577	22.5	19.675	13.147
H11:06:02	186.055	16.58	22.516	19.707	13.143
H11:07:02	190.214	16.814	22.529	19.816	13.142
H11:08:02	202.03	16.771	22.542	19.778	13.155
H11:09:02	210.691	16.687	22.553	19.607	13.145
H11:10:02	214.409	16.917	22.565	19.918	13.145
H11:11:02	217.822	17.118	22.575	19.592	13.16
H11:12:02	211.879	17.274	22.585	19.888	13.183
H11:13:02	198.649	16.911	22.593	19.869	13.159
H11:14:02	182.636	16.586	22.6	19.938	13.157
H11:15:02	173.215	16.791	22.605	19.801	13.145
H11:16:02	180.034	16.94	22.611	19.945	13.142
H11:17:02	204.554	17.007	22.612	20.088	13.145
H11:18:02	230.773	16.704	22.611	20.019	13.162
H11:19:02	260.528	16.411	22.607	20.394	13.169
H11:20:02	270.488	16.538	22.603	20.013	13.212
H11:21:02	261.975	16.687	22.6	20.051	13.203
H11:22:02	263.403	17.026	22.597	20.287	13.203
H11:23:02	243.036	17.068	22.596	20.162	13.203
H11:24:02	222.066	17.096	22.595	20.141	13.184
H11:25:02	196.437	16.816	22.594	19.95	13.176
H11:26:02	175.019	16.509	22.592	19.989	13.164
H11:27:02	169.075	16.546	22.591	19.883	13.159
H11:28:02	161.205	16.603	22.59	19.836	13.143
H11:29:02	150.733	16.368	22.588	19.426	13.133
H11:30:02	144.744	16.402	22.584	19.343	13.123
H11:31:02	152.952	16.591	22.58	19.95	13.121
H11:32:02	171.223	16.521	22.574	19.763	13.135
H11:33:02	184.881	16.487	22.565	20.192	13.123
H11:34:02	195.489	16.487	22.556	19.971	13.136
H11:35:02	208.816	16.538	22.546	20.129	13.136
H11:36:02	215.376	16.583	22.535	20.07	13.142
H11:37:02	205.157	16.642	22.525	20.059	13.155
H11:38:02	194.484	16.572	22.515	20.229	13.152
H11:39:02	191.752	16.586	22.504	20.23	13.142
H11:40:02	192.187	16.532	22.493	20.334	13.155
H11:41:02	195.476	16.493	22.481	20.223	13.142
H11:42:02	201.582	16.419	22.469	20.233	13.172
H11:43:02	234.432	16.433	22.456	20.306	13.179
H11:44:02	291.75	16.572	22.444	20.14	13.178
H11:45:02	357.01	16.825	22.435	20.658	13.208
H11:46:02	479.99	17.099	22.427	20.81	13.183
H11:47:02	388.822	17.432	22.423	20.567	13.198
H11:48:02	333.944	17.709	22.42	20.232	13.157
H11:49:02	273.563	17.623	22.421	20.15	13.138
H11:50:02	239.928	17.291	22.423	20.105	13.124
H11:51:02	222.312	17.285	22.429	20.033	13.109
H11:52:02	204.145	17.235	22.433	19.891	13.099
H11:53:02	180.067	16.909	22.435	19.11	13.131
H11:54:02	164.255	16.651	22.438	19.403	13.241
H11:55:02	169.692	16.572	22.441	19.754	13.217
H11:56:02	204.515	16.679	22.44	20.034	13.239
H11:57:02	290.011	16.85	22.437	20.474	13.222
H11:58:02	687.344	17.285	22.435	21.048	13.191
I11:59:02	1292.114	18.002	22.434	21.325	13.133
H12:00:02	819.452	18.539	22.434	20.52	13.114
H12:01:02	899.538	18.911	22.439	20.709	13.174
I12:02:02	1103.68	19.155	22.45	20.657	13.154
H12:03:02	881.429	19.291	22.466	20.263	13.112
H12:04:02	667.048	19.135	22.485	20.102	13.178
H12:05:02	572.766	19.403	22.51	19.883	13.188
H12:06:02	345.441	19.176	22.541	19.586	13.164
H12:07:02	314.952	18.812	22.574	19.684	13.143
H12:08:02	290.232	18.463	22.612	19.662	13.124
H12:09:02	274.556	18.422	22.651	19.691	13.114
H12:10:02	246.163	18.316	22.691	19.635	13.1
H12:11:02	224.778	18.262	22.73	19.152	13.136
H12:12:02	207.064	18.574	22.77	19.413	13.215
H12:13:02	189.507	18.655	22.807	19.47	13.217
H12:14:02	169.192	18.463	22.843	19.115	13.205
H12:15:02	164.397	18.24	22.877	19.367	13.214
H12:16:02	178.204	18.455	22.912	19.294	13.215
H12:17:02	191.596	18.393	22.945	19.512	13.212
H12:18:02	190.649	18.498	22.977	19.643	13.195
H12:19:02	209.64	18.509	23.007	19.633	13.176
H12:20:02	243.542	18.585	23.037	19.952	13.172
H12:21:02	294.229	18.569	23.066	20.097	13.188
H12:22:02	385.967	18.382	23.092	20.335	13.188
I12:23:02	1219.808	18.185	23.118	21.272	13.15
H12:24:02	874.558	18.809	23.144	20.446	13.104
H12:25:02	650.263	19.065	23.171	20.182	13.08
H12:26:02	835.647	18.59	23.202	20.008	13.078
H12:27:02	423.593	18.382	23.236	19.672	13.145
H12:28:02	364.763	18.653	23.27	19.56	13.179
H12:29:02	352.28	18.593	23.303	19.626	13.22
H12:30:02	711.493	18.766	23.338	20.26	13.203
H12:31:02	943.341	18.682	23.367	20.326	13.126
H12:32:02	927.723	18.101	23.405	20.336	13.09
H12:33:02	446.957	18.541	23.439	19.79	13.078
H12:34:02	921.39	18.701	23.476	20.259	13.123
I12:35:02	1214.085	18.933	23.514	20.446	13.16
H12:36:02	803.517	19.16	23.549	19.723	13.14
H12:37:02	369.668	19.291	23.582	19.326	13.093
H12:38:02	771.588	19.254	23.618	20.018	13.085
H12:39:02	510.783	19.011	23.656	19.533	13.148
H12:40:02	318.417	18.823	23.692	19.275	13.138
H12:41:02	260.45	18.558	23.73	19.084	13.121
H12:42:02	233.407	18.569	23.765	19.115	13.109
H12:43:02	202.419	18.788	23.805	19.122	13.104
H12:44:02	174.175	18.812	23.841	19.096	13.08
H12:45:02	150.382	18.658	23.876	18.576	13.095
H12:46:02	131.884	18.833	23.908	18.956	13.129
H12:47:02	122.573	19.019	23.938	18.763	13.171
H12:48:02	122.548	19.081	23.967	18.65	13.205
H12:49:02	130.742	19.003	23.995	18.888	13.232
H12:50:02	149.74	19.035	24.018	18.758	13.212
H12:51:02	198.052	19.022	24.039	19.525	13.207
H12:52:02	256.123	18.712	24.059	19.772	13.203
H12:53:02	301.917	18.327	24.078	20.086	13.212
H12:54:02	535.445	18.076	24.099	20.62	13.238
H12:55:02	617.321	18.177	24.12	20.283	13.138
H12:56:02	352.202	17.942	24.138	20.012	13.1
H12:57:02	274.919	18.087	24.154	19.828	13.081
H12:58:02	222.468	18.016	24.165	19.471	13.167
H12:59:02	195.924	18.134	24.171	19.067	13.202
H13:00:02	173.312	18.379	24.177	18.801	13.203
H13:01:02	157.864	18.428	24.184	19.328	13.202
H13:02:02	150.986	18.458	24.191	19.271	13.196
H13:03:02	143.42	18.479	24.199	19.16	13.195
H13:04:02	137.484	18.306	24.204	19.021	13.183
H13:05:02	151.278	18.482	24.212	19.226	13.181
H13:06:02	184.42	18.647	24.22	19.293	13.183
H13:07:02	440.32	18.688	24.231	20.089	13.195
I13:08:02	1008.684	18.701	24.24	20.928	13.14
I13:09:02	1180.891	18.979	24.252	20.904	13.1
I13:10:02	1178.536	19.576	24.267	20.703	13.08
I13:11:02	1113.108	19.722	24.283	20.46	13.112
I13:12:02	1066.839	19.698	24.298	20.367	13.15
I13:13:02	1178.51	19.78	24.309	20.403	13.147
I13:14:02	1227.289	19.698	24.32	20.257	13.097
H13:15:02	978.111	19.619	24.331	19.594	13.08
H13:16:02	587.079	19.786	24.346	19.35	13.066
H13:17:02	374.47	19.971	24.367	19.1	13.061
H13:18:02	953.203	19.968	24.392	19.785	13.071
H13:19:02	908.972	19.918	24.419	19.757	13.1
H13:20:02	623.336	20.137	24.449	19.355	13.1
H13:21:02	423.827	20.097	24.482	19.278	13.105
H13:22:02	313.525	19.563	24.517	19.27	13.097
H13:23:02	234.393	19.526	24.552	19.123	13.083
H13:24:02	210.828	19.329	24.586	19.127	13.08
H13:25:02	205.423	19.262	24.616	19.126	13.078
H13:26:02	215.37	19.288	24.643	19.309	13.073
H13:27:02	248.72	19.568	24.671	19.42	13.066
H13:28:02	305.668	19.531	24.698	19.575	13.063
H13:29:02	419.59	19.635	24.728	19.883	13.073
H13:30:02	466.384	19.828	24.758	19.863	13.08
H13:31:02	303.072	20.031	24.788	19.426	13.08
H13:32:02	268.619	20.047	24.819	19.379	13.069
H13:33:02	252.632	20.092	24.848	19.434	13.071
H13:34:02	232.752	20.073	24.877	19.415	13.061
H13:35:02	225.53	19.891	24.907	19.338	13.059
H13:36:02	226.737	19.395	24.935	19.43	13.066
H13:37:02	242.108	19.361	24.962	19.453	13.14
H13:38:02	253.592	19.049	24.988	19.573	13.184
H13:39:02	278.358	18.669	25.012	19.721	13.215
H13:40:02	292.574	18.577	25.037	19.781	13.174
H13:41:02	283.173	18.403	25.056	19.814	13.183
H13:42:02	311.046	18.112	25.067	19.885	13.183
H13:43:02	364.218	18.341	25.078	20.006	13.167
H13:44:02	343.696	18.779	25.086	19.784	13.143
H13:45:02	355.576	19.326	25.093	19.801	13.121
H13:46:02	462.542	19.656	25.098	20.146	13.123
H13:47:02	499.208	20.042	25.105	20.006	13.124
H13:48:02	384.144	20.068	25.113	19.744	13.123
H13:49:02	313.395	19.796	25.123	19.492	13.112
H13:50:02	299.874	19.685	25.136	19.663	13.1
H13:51:02	334.943	19.965	25.152	19.714	13.093
H13:52:02	397.023	20.063	25.17	19.952	13.095
H13:53:02	342.852	20.231	25.187	19.698	13.092
H13:54:02	255.811	20.197	25.205	19.395	13.081
H13:55:02	215.603	20.066	25.222	19.288	13.078
H13:56:02	196.839	19.918	25.234	19.253	13.068
H13:57:02	177.432	19.675	25.242	19.195	13.059
H13:58:02	149.902	19.632	25.247	19.136	13.061
H13:59:17	134.849	19.603	25.255	18.716	13.148
H14:00:17	142.155	19.622	25.258	18.867	13.179
H14:01:17	163.735	19.622	25.258	19.049	13.183
H14:02:17	189.773	19.422	25.255	19.622	13.181
H14:03:17	201.841	19.114	25.251	19.631	13.162
H14:04:17	203.866	18.755	25.245	19.527	13.162
H14:05:17	197.222	18.653	25.237	19.36	13.166
H14:06:17	202.588	18.601	25.229	19.641	13.147
H14:07:17	222.617	18.536	25.217	19.683	13.143
H14:08:17	247.5	18.344	25.204	20.029	13.16
H14:09:17	259.244	18.169	25.19	20.265	13.183
H14:10:17	250.082	18.052	25.177	20.15	13.164
H14:11:17	249.109	18.248	25.163	20.312	13.162
H14:12:17	265.712	18.642	25.147	20.082	13.166
H14:13:17	298.751	18.596	25.131	20.227	13.183
H14:14:17	340.86	18.136	25.117	20.433	13.174
H14:15:17	389.14	17.764	25.107	20.536	13.157
H14:16:17	424.56	17.879	25.097	20.613	13.143
H14:17:17	422.762	18.014	25.084	20.586	13.142
H14:18:19	365.237	18.128	25.067	20.587	13.131
H14:19:19	332.27	17.835	25.048	20.474	13.121
H14:20:17	319.098	18.106	25.026	20.16	13.119
H14:21:17	314.012	18.42	25.006	20.224	13.102
H14:22:17	304.117	18.183	24.989	20.293	13.133
H14:23:17	293.242	17.821	24.972	20.263	13.107
H14:24:17	273.706	17.441	24.955	20.215	13.083
H14:25:17	254.274	17.374	24.937	20.2	13.08
H14:26:17	235.036	17.488	24.917	20.223	13.08
H14:27:17	222.708	17.504	24.897	20.168	13.08
H14:28:17	213.287	17.255	24.876	20.166	13.069
H14:29:17	203.184	17.319	24.86	20.155	13.078
H14:30:17	199.356	17.224	24.842	20.203	13.059
H14:31:17	199.214	16.889	24.825	19.993	13.059
H14:32:17	204.456	16.889	24.809	20.131	13.056
H14:33:17	207.441	16.687	24.791	19.375	13.131
H14:34:17	206.708	16.622	24.772	19.956	13.176
H14:35:17	216.2	16.701	24.753	20.3	13.176
H14:36:17	228.567	16.481	24.731	20.2	13.164
H14:37:17	248.953	16.484	24.711	20.09	13.167
H14:38:17	278.293	16.365	24.688	20.526	13.174
H14:39:17	323.984	16.283	24.662	20.597	13.203
H14:40:17	452.479	16.476	24.637	20.716	13.162
H14:41:17	521.074	16.656	24.606	20.88	13.154
H14:42:17	578.995	16.788	24.576	20.714	13.157
H14:43:17	405.01	16.987	24.548	20.32	13.142
H14:44:17	361.078	17.163	24.525	20.338	13.123
H14:45:17	328.234	17.383	24.504	20.105	13.111
H14:46:17	364.335	17.54	24.489	20.233	13.097
H14:47:17	291.802	17.377	24.479	20.004	13.097
H14:48:17	299.575	16.917	24.47	20.234	13.08
H14:49:17	822.19	17.191	24.461	21.058	13.099
H14:50:17	870.989	17.637	24.457	20.907	13.131
H14:51:17	816.306	17.846	24.453	20.728	13.155
H14:52:17	565.733	17.868	24.452	20.222	13.16
H14:53:17	386.973	17.695	24.453	20.035	13.135
H14:54:17	328.481	17.786	24.456	19.979	13.14
H14:55:17	343.754	17.62	24.461	20.014	13.123
H14:56:17	427.058	17.846	24.468	20.236	13.099
H14:57:17	555.63	18.019	24.477	20.399	13.112
H14:58:17	479.983	17.865	24.485	20.32	13.142
H14:59:17	809.992	17.95	24.499	20.779	13.131
H15:00:18	908.823	18.596	24.518	20.563	13.167
H15:01:17	743.682	18.78	24.535	20.208	13.196
H15:02:17	350.054	18.976	24.556	19.65	13.087
H15:03:17	316.367	18.672	24.578	19.511	13.066
H15:04:17	207.986	18.449	24.602	18.742	13.109
H15:05:17	186.866	18.106	24.628	19.188	13.174
H15:06:17	169.815	18.243	24.653	19.031	13.202
H15:07:17	151.628	18.536	24.682	18.801	13.191
H15:08:17	136.913	18.447	24.711	19.003	13.191
H15:09:17	128.698	18.177	24.737	18.868	13.172
H15:10:17	126.272	18.21	24.764	19.171	13.171
H15:11:17	127.511	18.074	24.787	18.381	13.162
H15:12:17	129.814	18.101	24.808	19.155	13.167
H15:13:17	135.459	17.816	24.825	19.237	13.183
H15:14:17	144.686	17.841	24.839	19.591	13.203
H15:15:17	153.062	17.819	24.849	19.321	13.202
H15:16:17	161.75	17.805	24.856	19.548	13.183
H15:17:17	171.71	17.857	24.858	19.633	13.183
H15:18:17	186.302	17.926	24.859	19.892	13.183
H15:19:17	199.635	17.901	24.858	19.624	13.191
H15:20:17	201.283	17.94	24.855	19.888	13.171
H15:21:17	182.707	17.942	24.85	19.756	13.172
H15:22:17	150.285	17.7	24.844	19.478	13.14
G15:23:17	120.99	17.618	24.837	19.145	13.119
G15:24:17	102.323	17.59	24.828	19.187	13.109
F15:25:17	92.52	17.673	24.818	19.163	13.09
F15:26:17	92.331	17.8	24.807	18.868	13.087
G15:27:17	101.551	17.607	24.794	19.347	13.08
G15:28:17	115.761	17.527	24.78	19.323	13.076
H15:29:17	131.982	17.587	24.766	19.44	13.076
H15:30:17	152.303	17.579	24.75	19.779	13.076
H15:31:17	172.78	17.579	24.734	19.65	13.078
H15:32:17	184.498	17.568	24.72	19.854	13.078
H15:33:17	191.376	17.551	24.703	19.46	13.08
H15:34:17	190.273	17.621	24.688	19.554	13.09
H15:35:17	190.26	17.659	24.674	19.519	13.09
H15:36:17	201.562	17.72	24.66	19.597	13.08
H15:37:17	140.137	17.78	24.646	19.323	13.078
G15:38:17	125.623	17.816	24.635	19.218	13.069
G15:39:17	113.198	17.78	24.624	19.006	13.059
F15:40:17	99.559	17.424	24.612	18.497	13.078
F15:41:17	87.588	16.965	24.602	18.569	13.114
F15:42:17	78.498	17.04	24.591	18.712	13.136
F15:43:17	75.553	17.155	24.579	18.407	13.152
F15:44:17	82.456	17.152	24.565	18.27	13.183
F15:45:17	97.185	17.227	24.548	19.025	13.19
G15:46:17	106.71	17.166	24.532	18.683	13.198
G15:47:17	107.942	17.102	24.513	18.867	13.19
G15:48:17	107.644	16.976	24.493	19.231	13.183
G15:49:17	112.173	17.012	24.475	19.205	13.178
G15:50:17	113.873	17.046	24.453	19.269	13.183
G15:51:17	116.578	17.082	24.433	19.461	13.179
G15:52:17	115.054	17.096	24.411	19.178	13.183
G15:53:17	106.139	17.208	24.39	19.084	13.181
F15:54:17	96.795	17.091	24.368	19.039	13.172
F15:55:17	90.327	17.085	24.345	19.085	13.162
F15:56:17	82.106	17.021	24.323	18.615	13.16
F15:57:17	75.021	16.881	24.3	18.614	13.148
F15:58:17	72.023	16.982	24.276	18.397	13.133
E15:59:17	62.985	16.886	24.252	18.733	13.121
E16:00:17	56.509	16.653	24.228	18.462	13.119
E16:01:17	62.978	16.614	24.201	19.214	13.117
E16:02:17	76.208	16.512	24.176	19.384	13.121
E16:03:17	85.648	16.572	24.151	19.026	13.126
E16:04:17	93.499	16.757	24.125	19.169	13.121
G16:05:17	103.524	16.842	24.097	18.871	13.136
G16:06:17	112.86	16.786	24.068	19.179	13.142
G16:07:17	122.535	16.872	24.04	19.453	13.154
G16:08:17	128.368	16.853	24.014	19.735	13.172
G16:09:17	128.127	16.676	23.986	19.691	13.176
F16:10:17	116.825	16.574	23.959	19.346	13.19
F16:11:17	102.94	16.712	23.932	18.967	13.179
E16:12:17	95.472	16.757	23.906	18.87	13.171
E16:13:17	93.512	16.687	23.879	19.225	13.169
E16:14:17	94.68	16.583	23.851	19.521	13.162
E16:15:17	98.417	16.291	23.819	19.237	13.162
F16:16:17	109.071	16.221	23.781	19.662	13.171
F16:17:17	119.453	16.283	23.745	19.431	13.176
G16:18:17	128.368	16.203	23.71	19.444	13.184
G16:19:17	135.219	16.112	23.673	19.719	13.193
G16:20:17	141.156	16.132	23.633	19.264	13.183
G16:21:17	152.478	16.351	23.593	19.979	13.191
G16:22:17	155.593	16.476	23.556	19.598	13.19
F16:23:17	155.288	16.504	23.522	19.716	13.176
F16:24:17	150.097	16.572	23.489	19.712	13.162
F16:25:17	127.557	16.6	23.458	19.513	13.154
F16:26:17	125.98	16.45	23.43	19.539	13.143
F16:27:17	123.728	16.464	23.407	19.596	13.121
F16:28:17	116.857	16.326	23.382	19.036	13.112
F16:29:17	112.244	16.343	23.356	19.083	13.109
F16:30:17	112.841	16.546	23.34	19.461	13.104
G16:31:17	108.007	16.696	23.318	19.393	13.085
G16:32:17	106.126	16.617	23.296	19.229	13.087
G16:33:17	113.081	16.625	23.277	19.379	13.087
G16:34:17	118.843	16.628	23.257	19.298	13.087
G16:35:17	120.257	16.701	23.237	19.579	13.093
G16:36:17	127.271	16.712	23.219	19.663	13.093
G16:37:17	126.836	16.439	23.202	19.541	13.08
G16:38:17	120.893	16.45	23.184	19.524	13.08
G16:39:17	113.607	16.291	23.166	19.506	13.078
G16:40:17	101.149	15.89	23.149	19.523	13.083
F16:41:17	96.51	15.821	23.131	19.413	13.071
F16:42:17	98.028	15.827	23.11	19.419	13.061
F16:43:17	94.998	15.749	23.087	19.274	13.059
F16:44:17	84.052	15.91	23.062	19.065	13.064
F16:45:18	75.371	16.058	23.035	19.015	13.054
F16:46:17	71.887	15.881	23.005	18.258	13.093
F16:47:17	69.149	15.763	22.977	17.951	13.126
F16:48:17	68.662	16.055	22.948	18.266	13.155
F16:49:17	74.248	16.033	22.918	18.272	13.19
F16:50:17	79.854	15.93	22.887	18.84	13.202
F16:51:17	80.25	16.09	22.857	18.086	13.202
F16:52:17	81.074	16.032	22.83	19.237	13.19
F16:53:17	81.729	15.915	22.802	18.168	13.2
F16:54:17	84.785	15.984	22.773	18.31	13.203
E17:25:45	37.447	15.815	21.933	15.376	13.21
E17:27:03	35.688	15.827	21.902	16.259	13.224
E17:28:03	34.261	15.815	21.873	15.537	13.236
E17:29:03	32.866	15.669	21.847	15.087	13.231
E17:30:03	31.211	15.53	21.819	15.464	13.22
E17:31:03	29.667	15.478	21.792	15.62	13.202
E17:32:03	28.175	15.548	21.764	15.138	13.181
E17:33:03	27.02	15.64	21.738	15	13.162
E17:34:03	26.053	15.548	21.712	15.36	13.154
E17:35:03	25.028	15.446	21.683	15.031	13.135
E17:36:03	24.152	15.499	21.65	14.619	13.119
E17:37:03	23.464	15.423	21.614	14.9	13.097
E17:38:03	22.634	15.447	21.576	14.544	13.087
E17:39:03	21.907	15.49	21.542	14.083	13.08
E17:40:03	21.343	15.467	21.511	14.256	13.076
E17:41:03	20.609	15.478	21.476	13.562	13.073
E17:42:03	20.123	15.559	21.444	13.351	13.068
E17:43:03	19.604	15.527	21.412	13.345	13.059
E17:44:03	18.948	15.49	21.381	13.34	13.057
E17:45:03	18.41	15.504	21.353	13.33	13.044
E17:46:03	18.17	15.536	21.322	13.327	13.039
E17:47:03	17.742	15.507	21.288	13.319	13.039
E17:48:03	17.365	15.525	21.253	13.312	13.02
E17:49:03	17.034	15.51	21.219	13.31	13.018
E17:50:03	16.574	15.533	21.182	13.27	13.013
E17:51:03	15.977	15.516	21.145	13.028	13.008
E17:52:03	15.464	15.504	21.112	12.757	12.997
E17:53:03	14.932	15.464	21.078	12.46	12.997
E17:54:03	14.517	15.522	21.041	12.145	12.996
E17:55:03	13.946	15.429	21.004	11.682	12.989
E17:56:03	13.031	15.363	20.969	11.161	12.977
E17:57:03	12.304	15.345	20.939	10.521	12.977
D17:58:03	11.597	15.354	20.908	9.553	12.975
D17:59:03	10.987	15.409	20.871	8.524	12.966
D18:00:03	10.643	15.334	20.831	7.728	12.961
D18:01:03	10.228	15.302	20.788	7.04	12.956
C18:02:03	9.845	15.316	20.741	6.397	12.956
C18:03:03	9.612	15.293	20.698	5.788	12.956
C18:04:03	9.242	15.255	20.663	5.187	12.953
C18:05:03	8.879	15.188	20.631	4.608	12.941
C18:06:03	8.807	15.241	20.6	4.142	12.936
C18:07:03	8.859	15.209	20.568	3.657	12.934
C18:08:03	8.749	15.215	20.536	3.154	12.93
C18:09:03	8.742	15.136	20.502	2.67	12.918
C18:10:03	8.632	15.124	20.471	2.24	12.917
C18:11:03	8.379	15.101	20.436	1.9	12.915
C18:12:03	8.295	15.153	20.401	1.603	12.913
C18:13:03	8.275	15.191	20.366	1.272	12.913
C18:14:03	8.074	15.18	20.334	0.981	12.898
C18:15:03	8.029	15.212	20.308	0.739	12.896
C18:16:03	7.964	15.162	20.285	0.576	12.894
C18:17:03	7.795	15.127	20.263	0.401	12.894
C18:18:03	7.75	15.22	20.24	0.259	12.891
C18:19:03	7.607	15.255	20.215	0.168	12.891
C18:20:03	7.432	15.191	20.193	0.099	12.881
C18:21:03	7.49	15.081	20.173	0.063	12.876
C18:22:03	7.289	15.031	20.155	0.031	12.874
C18:23:03	7.302	15.06	20.14	0.02	12.874
C18:24:03	7.522	15.133	20.124	0.018	12.864
C18:25:03	7.685	15.086	20.107	0.018	12.86
C18:26:03	7.607	15.028	20.091	0.007	12.853
C18:27:03	7.652	15.121	20.074	0.007	12.853
C18:28:03	7.717	15.092	20.056	0.01	12.851
C18:29:03	7.652	15.002	20.036	0.006	12.848
C18:30:03	7.458	14.926	20.015	0.012	12.838
C18:31:03	7.263	14.964	19.991	0.014	12.834
C18:32:03	7.081	14.97	19.968	0.004	12.833
C18:33:03	6.919	14.911	19.947	0.007	12.833
C18:34:03	6.861	14.946	19.926	0.007	12.833
C18:35:03	6.887	15.002	19.908	0.005	12.833
C18:36:03	6.939	15.098	19.892	0.012	12.829
C18:37:03	6.939	15.139	19.876	0.01	12.822
C18:38:03	6.9	15.005	19.862	0.008	12.814
C18:39:03	6.822	14.949	19.849	0.007	12.812
C18:40:03	6.75	14.978	19.836	0.009	12.812
C18:41:03	6.984	14.914	19.824	0.01	12.81
C18:42:03	7.127	14.891	19.812	0.005	12.81
C18:43:03	7.302	14.894	19.802	0.004	12.803
C18:44:03	7.406	14.832	19.79	0.015	12.795
C18:45:03	7.633	14.826	19.779	0.002	12.791
C18:46:03	7.814	14.841	19.762	0.004	12.791
C18:47:03	7.724	14.765	19.744	0.007	12.791
C18:48:03	7.425	14.779	19.727	0.01	12.791
C18:49:03	7.237	14.759	19.71	0.012	12.783
C18:50:03	7.347	14.782	19.694	0.007	12.783
C18:51:03	7.406	14.756	19.681	0.007	12.774
C18:52:03	7.503	14.747	19.669	0.011	12.773
C18:53:03	7.73	14.7	19.655	0.01	12.771
C18:54:03	7.905	14.738	19.64	0.004	12.767
C18:55:03	8.042	14.747	19.624	0.004	12.761
C18:56:03	8.113	14.723	19.609	0.007	12.755
C18:57:03	8.236	14.738	19.593	0.007	12.75
C18:58:03	8.275	14.826	19.573	0.004	12.75
C18:59:03	8.288	14.779	19.553	0.008	12.75
C19:00:03	0	14.688	19.532	0.009	12.75
C19:01:03	0	14.732	19.51	0.013	12.75
C19:02:03	0	14.797	19.49	0.016	12.749
C19:03:03	0	14.776	19.472	0.011	12.745
C19:04:03	0	14.806	19.455	0.011	12.737
C19:05:03	0	14.717	19.438	0.01	12.733
C19:06:03	0	14.682	19.418	0.006	12.73
C19:07:03	0	14.72	19.395	0.004	12.73
C19:08:03	0	14.797	19.37	0.009	12.73
C19:09:03	0	14.72	19.348	0.009	12.726
C19:10:03	0	14.703	19.327	0.002	12.723
C19:11:03	0	14.703	19.31	0.01	12.714
C19:12:03	0	14.72	19.294	0.011	12.709
C19:13:03	0	14.706	19.28	0.007	12.709
C19:14:03	0	14.779	19.265	0.012	12.709
C19:15:03	0	14.744	19.248	0.009	12.709
C19:16:03	0	14.691	19.229	0.007	12.707
C19:17:03	0	14.679	19.209	0.009	12.697
C19:18:03	0	14.729	19.186	0.012	12.692
C19:19:03	0	14.703	19.162	0.006	12.69
C19:20:03	0	14.641	19.14	0.006	12.688
C19:21:03	0	14.612	19.123	0.012	12.688
C19:22:03	0	14.582	19.107	0.006	12.688
C19:23:03	0	14.609	19.094	0.01	12.682
C19:24:03	0	14.617	19.077	0.015	12.673
C19:25:03	0	14.682	19.06	0.005	12.668
C19:26:03	0	14.717	19.044	0.005	12.668
C19:27:03	0	14.638	19.029	0.003	12.668
C19:28:03	0	14.65	19.012	0.003	12.668
C19:29:03	0	14.612	18.999	0.008	12.668
C19:30:03	0	14.609	18.981	0.007	12.668
C19:31:03	0	14.65	18.964	0.007	12.668
C19:32:03	0	14.614	18.948	0.012	12.664
C19:33:03	0	14.632	18.935	0.01	12.658
C19:34:03	0	14.585	18.922	0.006	12.649
C19:35:03	0	14.541	18.911	0.003	12.649
C19:36:03	0	14.52	18.898	0.006	12.647
C19:37:03	0	14.514	18.884	0.006	12.647
C19:38:03	0	14.511	18.869	0.007	12.646
C19:39:03	0	14.496	18.854	0.007	12.644
C19:40:03	0	14.479	18.841	0.014	12.642
C19:41:03	0	14.461	18.828	0.008	12.634
C19:42:03	0	14.476	18.815	0.012	12.627
C19:43:03	0	14.482	18.801	0.009	12.628
C19:44:03	0	14.44	18.79	0.004	12.627
C19:45:03	0	14.363	18.779	0.011	12.627
C19:46:03	0	14.39	18.768	0.003	12.627
C19:47:03	0	14.446	18.758	0.007	12.625
C19:48:03	0	14.405	18.747	0.01	12.615
C19:49:03	0	14.387	18.734	0.008	12.61
C19:50:03	0	14.461	18.721	0.009	12.606
C19:51:03	0	14.473	18.705	0.006	12.606
C19:52:03	0	14.476	18.688	0.006	12.606
C19:53:03	0	14.434	18.673	0.003	12.604
C19:54:03	0	14.363	18.658	0.01	12.594
C19:55:03	0	14.31	18.645	0.013	12.592
C19:56:03	0	14.351	18.633	0.007	12.587
C19:57:03	0	14.387	18.621	0.008	12.586
C19:58:03	0	14.342	18.612	0.011	12.586
C19:59:03	0	14.28	18.601	0.005	12.586
C20:00:03	0	14.271	18.591	0.004	12.586
C20:01:03	0	14.268	18.581	0.008	12.586
C20:02:03	0	14.348	18.571	0.005	12.582
C20:03:03	0	14.336	18.56	0.007	12.584
C20:04:03	0	14.328	18.55	0.014	12.57
C20:05:03	0	14.247	18.542	0.005	12.568
C20:06:03	0	14.336	18.53	0.009	12.565
C20:07:03	0	14.316	18.515	0.007	12.565
C20:08:03	0	14.328	18.499	0.004	12.565
C20:09:03	0	14.322	18.484	0.011	12.565
C20:10:03	0	14.277	18.471	0.009	12.565
C20:11:03	0	14.28	18.455	0.008	12.563
C20:12:03	0	14.28	18.441	0.015	12.558
C20:13:03	0	14.259	18.425	0.007	12.556
C20:14:03	0	14.241	18.414	0.014	12.548
C20:15:03	0	14.209	18.402	0.011	12.544
C20:16:03	0	14.31	18.39	0.002	12.544
C20:17:03	0	14.351	18.377	0.007	12.544
C20:18:03	0	14.274	18.363	0.014	12.544
C20:19:03	0	14.235	18.35	0.007	12.544
C20:20:03	0	14.336	18.336	0.01	12.543
C20:21:03	0	14.298	18.323	0.013	12.537
C20:22:03	0	14.322	18.31	0.009	12.525
C20:23:03	0	14.372	18.299	0.005	12.524
C20:24:03	0	14.366	18.287	0.011	12.524
C20:25:03	0	14.366	18.269	0.016	12.524
C20:26:03	0	14.369	18.252	0.01	12.522
C20:27:03	0	14.339	18.233	0.007	12.522
C20:28:03	0	14.461	18.214	0.01	12.517
C20:29:03	0	14.467	18.193	0.008	12.508
C20:30:03	0	14.449	18.173	0.011	12.507
C20:31:03	0	14.479	18.151	0.005	12.503
C20:32:03	0	14.499	18.13	0.007	12.503
C20:33:03	0	14.493	18.109	0.01	12.503
C20:34:03	0	14.502	18.091	0.008	12.503
C20:35:03	0	14.511	18.076	0.009	12.503
C20:36:03	0	14.52	18.06	0.008	12.501
C20:37:03	0	14.544	18.042	0.007	12.5
C20:38:03	0	14.567	18.027	0.009	12.5
C20:39:03	0	14.552	18.012	0.009	12.498
C20:40:03	0	14.567	17.996	0.009	12.488
C20:41:03	0	14.553	17.981	0.011	12.484
C20:42:03	0	14.558	17.97	0.011	12.483
C20:43:03	0	14.529	17.961	0.007	12.483
C20:44:03	0	14.402	17.952	0.007	12.483
C20:45:03	0	14.348	17.944	0.01	12.483
C20:46:03	0	14.247	17.938	0.01	12.483
C20:47:03	0	14.224	17.933	0.006	12.481
C20:48:03	0	14.143	17.928	0.011	12.471
C20:49:04	0	14.113	17.924	0.01	12.474
C20:50:03	0	14.179	17.92	0.004	12.465
C20:51:03	0	14.167	17.916	0.006	12.467
C20:52:03	0	14.045	17.911	0.007	12.464
C20:53:03	0	13.967	17.908	0.009	12.462
C20:54:03	0	13.868	17.904	0.007	12.462
C20:55:03	0	13.766	17.901	0.005	12.462
C20:56:03	0	13.712	17.898	0.009	12.46
C20:57:03	0	13.712	17.893	0.012	12.459
C20:58:03	0	13.721	17.888	0.01	12.46
C20:59:03	0	13.742	17.883	0.007	12.455
C21:00:03	0	13.573	17.879	0.011	12.452
C21:01:03	0	13.406	17.876	0.014	12.445
C21:02:03	0	13.297	17.87	0.006	12.445
C21:03:03	0	13.269	17.866	0.013	12.441
C21:04:03	0	13.23	17.86	0.016	12.441
C21:05:03	0	13.251	17.854	0.005	12.441
C21:06:03	0	13.376	17.848	0.01	12.436
C21:07:03	0	13.364	17.84	0.003	12.433
C21:08:03	0	13.309	17.832	0.007	12.433
C21:09:03	0	13.202	17.827	0.007	12.426
C21:10:03	0	13.199	17.819	0.002	12.424
C21:11:03	0	13.236	17.811	0.01	12.421
C21:12:03	0	13.43	17.801	0.013	12.421
C21:13:03	0	13.657	17.792	0.009	12.421
C21:14:03	0	13.712	17.784	0.005	12.421
C21:15:08	0	13.778	17.775	0.004	12.421
C21:16:08	0	13.784	17.768	0.007	12.421
C21:17:08	0	13.675	17.761	0.015	12.421
C21:18:08	0	13.561	17.753	0.014	12.421
C21:19:08	0	13.567	17.746	0.016	12.416
C21:20:08	0	13.509	17.74	0.016	12.412
C21:21:08	0	13.576	17.734	0.006	12.41
C21:22:08	0	13.639	17.728	0.007	12.409
C21:23:08	0	13.609	17.723	0.01	12.4
C21:24:08	0	13.54	17.718	0.009	12.4
C21:25:08	0	13.494	17.713	0.011	12.4
C21:26:08	0	13.518	17.708	0.012	12.4
C21:27:08	0	13.618	17.703	0.006	12.4
C21:28:08	0	13.685	17.699	0.007	12.398
C21:29:08	0	13.697	17.694	0.011	12.4
C21:30:08	0	13.718	17.69	0.007	12.395
C21:31:08	0	13.757	17.685	0.006	12.395
C21:32:08	0	13.733	17.679	0.009	12.388
C21:33:08	0	13.739	17.673	0.009	12.386
C21:34:08	0	13.66	17.668	0.001	12.38
C21:35:08	0	13.57	17.664	0.013	12.38
C21:36:08	0	13.567	17.659	0.008	12.38
C21:37:08	0	13.7	17.655	0.009	12.38
C21:38:08	0	13.82	17.652	0.008	12.38
C21:39:08	0	13.817	17.651	0.004	12.38
C21:40:08	0	13.799	17.647	0.007	12.378
C21:41:08	0	13.796	17.642	0.011	12.376
C21:42:08	0	13.79	17.638	0.01	12.369
C21:43:08	0	13.748	17.633	0.012	12.368
C21:44:08	0	13.651	17.63	0.01	12.364
C21:45:08	0	13.63	17.628	0.008	12.361
C21:46:08	0	13.66	17.626	0.004	12.359
C21:47:08	0	13.636	17.624	0.007	12.359
C21:48:08	0	13.678	17.622	0.016	12.359
C21:49:08	0	13.766	17.619	0.012	12.359
C21:50:08	0	13.754	17.618	0.004	12.359
C21:51:08	0	13.841	17.617	0.013	12.359
C21:52:08	0	13.895	17.616	0.01	12.356
C21:53:08	0	13.988	17.613	0.007	12.356
C21:54:08	0	13.985	17.611	0.009	12.354
C21:55:08	0	14.048	17.61	0.003	12.345
C21:56:08	0	14.006	17.61	0.006	12.347
C21:57:08	0	14.033	17.61	0.013	12.34
C21:58:08	0	13.928	17.608	0.012	12.34
C21:59:08	0	13.811	17.607	0.007	12.338
C22:00:08	0	13.883	17.606	0.008	12.338
C22:01:08	0	13.94	17.606	0.014	12.338
C22:02:08	0	13.958	17.605	0.013	12.338
C22:03:08	0	14.104	17.604	0.007	12.338
C22:04:08	0	14.235	17.602	0.011	12.338
C22:05:08	0	14.191	17.601	0.013	12.337
C22:06:08	0	14.098	17.599	0.01	12.338
C22:07:08	0	14.024	17.598	0.006	12.337
C22:08:08	0	13.874	17.596	0.003	12.337
C22:09:08	0	13.91	17.594	0.007	12.337
C22:10:08	0	13.889	17.592	0.012	12.337
C22:11:08	0	13.913	17.591	0.011	12.33
C22:12:08	0	13.706	17.591	0.009	12.33
C22:13:08	0	13.793	17.591	0.009	12.326
C22:14:08	0	13.949	17.59	0.013	12.323
C22:15:08	0	13.964	17.588	0.003	12.321
C22:16:08	0	13.904	17.587	0.013	12.318
C22:17:08	0	13.865	17.586	0.007	12.318
C22:18:08	0	13.862	17.585	0.011	12.318
C22:19:08	0	13.808	17.583	0.01	12.318
C22:20:08	0	13.757	17.58	0.005	12.318
C22:21:08	0	13.712	17.576	0.01	12.318
C22:22:08	0	13.745	17.572	0.008	12.318
C22:23:08	0	13.883	17.568	0.004	12.318
C22:24:08	0	13.958	17.567	0.01	12.318
C22:25:08	0	13.916	17.566	0.008	12.318
C22:26:08	0	13.898	17.564	0.007	12.318
C22:27:08	0	13.895	17.564	0.007	12.318
C22:28:08	0	13.715	17.563	0.007	12.318
C22:29:08	0	13.7	17.561	0.007	12.314
C22:30:08	0	13.627	17.56	0.012	12.314
C22:31:08	0	13.612	17.559	0.007	12.313
C22:32:08	0	13.757	17.556	0.006	12.311
C22:33:08	0	13.919	17.553	0.018	12.309
C22:34:08	0	13.985	17.551	0.006	12.308
C22:35:08	0	14	17.549	0.008	12.302
C22:36:08	0	13.976	17.546	0.01	12.302
C22:37:08	0	14.027	17.542	0.01	12.299
C22:38:08	0	13.982	17.539	0.007	12.297
C22:39:08	0	13.934	17.536	0.007	12.301
C22:40:08	0	13.874	17.531	0.012	12.297
C22:41:08	0	13.835	17.526	0.004	12.297
C22:42:08	0	13.844	17.522	0.01	12.297
C22:43:08	0	13.787	17.517	0.012	12.297
C22:44:08	0	13.784	17.512	0.013	12.297
C22:45:08	0	13.802	17.506	0.006	12.297
C22:46:08	0	13.826	17.5	0.009	12.297
C22:47:08	0	13.931	17.495	0.011	12.297
C22:48:08	0	13.841	17.489	0.009	12.297
C22:49:08	0	13.491	17.485	0.004	12.297
C22:50:08	0	13.47	17.479	0.015	12.297
C22:51:08	0	13.555	17.473	0.009	12.297
C22:52:09	0	13.654	17.467	0.008	12.297
C22:53:08	0	13.688	17.461	0.007	12.297
C22:54:08	0	13.606	17.456	0.004	12.297
C22:55:08	0	13.5	17.449	0.01	12.297
C22:56:08	0	13.672	17.445	0.004	12.297
C22:57:08	0	13.718	17.44	0.01	12.297
C22:58:08	0	13.769	17.436	0.011	12.297
C22:59:08	0	13.709	17.43	0.004	12.297
C23:00:08	0	13.642	17.424	0.012	12.296
C23:01:08	0	13.6	17.417	0.01	12.292
C23:02:08	0	13.494	17.41	0.006	12.296
C23:03:08	0	13.415	17.398	0.015	12.297
C23:04:08	0	13.44	17.389	0.006	12.287
C23:05:08	0	13.379	17.382	0.004	12.292
C23:06:08	0	13.245	17.375	0.009	12.294
C23:07:08	0	13.23	17.37	0.01	12.296
C23:08:08	0	13.276	17.365	0.009	12.294
C23:09:08	0	13.272	17.361	0.007	12.292
C23:10:08	0	13.388	17.357	0.012	12.292
C23:11:08	0	13.421	17.355	0.004	12.29
C23:12:08	0	13.424	17.351	0.004	12.287
C23:13:08	0	13.461	17.347	0.008	12.289
C23:14:08	0	13.488	17.342	0.01	12.289
C23:15:08	0	13.409	17.337	0.005	12.287
C23:16:08	0	13.391	17.331	0.007	12.289
C23:17:08	0	13.409	17.324	0.007	12.29
C23:18:08	0	13.352	17.317	0.01	12.287
C23:19:08	0	13.406	17.312	0.012	12.29
C23:20:08	0	13.534	17.307	0.005	12.287
C23:21:08	0	13.645	17.301	0.009	12.289
C23:22:08	0	13.781	17.297	0.011	12.287
C23:23:08	0	13.949	17.29	0.01	12.29
C23:24:08	0	13.982	17.284	0.014	12.283
C23:25:08	0	14.116	17.277	0.012	12.285
C23:26:08	0	14.098	17.271	0.007	12.282
C23:27:08	0	13.943	17.266	0.004	12.285
C23:28:08	0	13.871	17.261	0.008	12.287
C23:29:08	0	13.853	17.257	0.011	12.283
C23:30:08	0	13.817	17.253	0.006	12.283
C23:31:08	0	13.859	17.249	0.004	12.289
C23:32:08	0	13.742	17.247	0.014	12.283
C23:33:08	0	13.612	17.245	0.01	12.292
C23:34:08	0	13.606	17.245	0.006	12.287
C23:35:08	0	13.57	17.245	0.005	12.287
C23:36:08	0	13.552	17.245	0.009	12.289
C23:37:08	0	13.621	17.245	0.012	12.285
C23:38:08	0	13.543	17.244	0.015	12.285
C23:39:08	0	13.482	17.241	0.005	12.29
C23:40:08	0	13.497	17.237	0.005	12.285
C23:41:08	0	13.531	17.235	0.008	12.282
C23:42:08	0	13.503	17.232	0.008	12.292
C23:43:08	0	13.555	17.229	0.007	12.287
C23:44:08	0	13.606	17.226	0.015	12.292
C23:45:08	0	13.603	17.223	0.005	12.283
C23:46:08	0	13.651	17.222	0.014	12.289
C23:47:08	0	13.685	17.222	0.005	12.289
C23:48:08	0	13.727	17.222	0.007	12.289
C23:49:08	0	13.585	17.223	0.01	12.294
C23:50:08	0	13.588	17.224	0.016	12.294
C23:51:08	0	13.748	17.224	0.007	12.29
C23:52:08	0	13.697	17.226	0.018	12.289
C23:53:08	0	13.742	17.228	0.007	12.29
C23:54:08	0	13.871	17.228	0.006	12.285
C23:55:08	0	13.859	17.229	0.017	12.289
C23:56:08	0	13.79	17.228	0.01	12.292
C23:57:08	0	13.724	17.225	0.01	12.29
C23:58:08	0	13.618	17.224	0.01	12.294
C23:59:08	0	13.66	17.222	0.008	12.294
