C00:00:02	0	11.309	17.027	0.01	12.277
C00:01:02	0	11.351	17.019	0.008	12.277
C00:02:02	0	11.319	17.012	0.014	12.277
C00:03:02	0	11.303	17.005	0.015	12.277
C00:04:02	0	11.328	16.997	0.01	12.277
C00:05:02	0	11.453	16.99	0.007	12.277
C00:06:02	0	11.498	16.982	0.009	12.277
C00:07:02	0	11.564	16.974	0.007	12.278
C00:08:02	0	11.552	16.966	0.008	12.277
C00:09:02	0	11.571	16.958	0.012	12.277
C00:10:02	0	11.456	16.95	0.012	12.277
C00:11:02	0	11.596	16.943	0.01	12.277
C00:12:02	0	11.669	16.935	0.007	12.277
C00:13:02	0	11.539	16.928	0.016	12.277
C00:14:02	0	11.402	16.921	0.008	12.277
C00:15:02	0	11.328	16.914	0.01	12.277
C00:16:02	0	11.36	16.908	0.007	12.277
C00:17:02	0	11.545	16.901	0.01	12.277
C00:18:02	0	11.824	16.894	0.007	12.277
C00:19:02	0	11.903	16.888	0.01	12.277
C00:20:02	0	11.637	16.881	0.01	12.277
C00:21:02	0	11.561	16.876	0.012	12.277
C00:22:02	0	11.402	16.872	0.01	12.278
C00:23:02	0	11.481	16.866	0.006	12.277
C00:24:02	0	11.577	16.861	0.005	12.277
C00:25:02	0	11.267	16.855	0.007	12.277
C00:26:02	0	11.194	16.849	0.01	12.277
C00:27:02	0	11.354	16.843	0.007	12.277
C00:28:02	0	11.306	16.838	0.008	12.277
C00:29:02	0	11.274	16.833	0.018	12.277
C00:30:02	0	11.373	16.827	0.011	12.277
C00:31:02	0	11.335	16.822	0.013	12.277
C00:32:02	0	11.206	16.817	0.005	12.277
C00:33:02	0	11.123	16.814	0.01	12.277
C00:34:02	0	11.184	16.808	0.005	12.275
C00:35:02	0	11.383	16.803	0.007	12.277
C00:36:02	0	11.386	16.798	0.005	12.277
C00:37:02	0	11.434	16.793	0.006	12.277
C00:38:02	0	11.561	16.786	0.008	12.277
C00:39:02	0	11.513	16.781	0.005	12.277
C00:40:02	0	11.251	16.775	0.007	12.277
C00:41:02	0	11.094	16.77	0.012	12.275
C00:42:02	0	10.987	16.765	0.014	12.273
C00:43:02	0	11.01	16.759	0.017	12.277
C00:44:02	0	11.194	16.754	0.013	12.275
C00:45:02	0	11.216	16.748	0.004	12.277
C00:46:02	0	11.264	16.743	0.02	12.275
C00:47:02	0	11.232	16.737	0.005	12.275
C00:48:02	0	11.283	16.731	0.003	12.277
C00:49:02	0	11.421	16.726	0.016	12.277
C00:50:02	0	11.408	16.72	0.014	12.277
C00:51:02	0	11.482	16.714	0.003	12.277
C00:52:02	0	11.539	16.709	0.007	12.275
C00:53:02	0	11.485	16.703	0.007	12.266
C00:54:02	0	11.399	16.698	0.011	12.273
C00:55:02	0	11.293	16.692	0.004	12.277
C00:56:02	0	11.206	16.686	0.002	12.275
C00:57:02	0	11.152	16.681	0.015	12.273
C00:58:02	0	11.052	16.676	0.01	12.268
C00:59:02	0	11.02	16.671	0.007	12.273
C01:00:02	0	11.1	16.665	0.014	12.275
C01:01:02	0	11.081	16.661	0.005	12.275
C01:02:02	0	11.219	16.656	0.005	12.271
C01:03:02	0	11.392	16.65	0.004	12.273
C01:04:02	0	11.331	16.645	0.004	12.271
C01:05:02	0	11.287	16.639	0.011	12.27
C01:06:02	0	11.264	16.634	0.007	12.271
C01:07:02	0	11.152	16.628	0.011	12.27
C01:08:02	0	11.19	16.622	0.01	12.271
C01:09:02	0	11.28	16.617	0.004	12.266
C01:10:02	0	11.367	16.611	0.011	12.268
C01:11:02	0	11.344	16.606	0.004	12.27
C01:12:02	0	11.533	16.6	0.006	12.271
C01:13:02	0	11.45	16.595	0.014	12.27
C01:14:02	0	11.287	16.59	0.009	12.268
C01:15:02	0	11.245	16.585	0.014	12.27
C01:16:02	0	11.248	16.58	0.006	12.27
C01:17:02	0	11.245	16.576	0.003	12.268
C01:18:02	0	11.2	16.571	0.012	12.268
C01:19:02	0	11.213	16.565	0.006	12.268
C01:20:02	0	11.181	16.56	0.01	12.259
C01:21:02	0	11.165	16.555	0.016	12.261
C01:22:02	0	11.081	16.55	0.015	12.261
C01:23:02	0	11.033	16.546	0.005	12.259
C01:24:02	0	11.116	16.541	0.004	12.265
C01:25:02	0	11.145	16.535	0.007	12.261
C01:26:02	0	11.113	16.529	0.018	12.261
C01:27:02	0	11.139	16.524	0.005	12.265
C01:28:02	0	11.113	16.518	0.007	12.261
C01:29:02	0	11.165	16.512	0.007	12.259
C01:30:02	0	11.097	16.506	0.005	12.258
C01:31:02	0	11.094	16.501	0.009	12.259
C01:32:02	0	11.116	16.496	0.015	12.265
C01:33:02	0	11.229	16.491	0.005	12.265
C01:34:02	0	11.494	16.485	0.008	12.258
C01:35:02	0	11.379	16.48	0.015	12.263
C01:36:02	0	11.232	16.474	0.009	12.261
C01:37:02	0	11.11	16.468	0.01	12.258
C01:38:02	0	11.274	16.462	0.013	12.261
C01:39:02	0	11.264	16.456	0.012	12.259
C01:40:02	0	11.376	16.449	0.015	12.259
C01:41:02	0	11.609	16.443	0.016	12.259
C01:42:02	0	11.631	16.437	0.01	12.256
C01:43:02	0	11.376	16.432	0.012	12.258
C01:44:02	0	11.28	16.427	0.006	12.256
C01:45:02	0	11.462	16.421	0.004	12.256
C01:46:02	0	11.631	16.416	0.007	12.256
C01:47:02	0	11.459	16.412	0.008	12.258
C01:48:02	0	11.296	16.407	0.01	12.258
C01:49:02	0	11.177	16.403	0.009	12.256
C01:50:02	0	11.194	16.397	0.006	12.256
C01:51:02	0	11.242	16.392	0.004	12.258
C01:52:02	0	11.229	16.388	0.007	12.256
C01:53:02	0	11.245	16.383	0.009	12.256
C01:54:02	0	11.28	16.379	0.009	12.256
C01:55:02	0	11.344	16.374	0.01	12.256
C01:56:02	0	11.357	16.369	0.011	12.258
C01:57:02	0	11.418	16.365	0.007	12.256
C01:58:02	0	11.402	16.36	0.014	12.256
C01:59:02	0	11.29	16.357	0.007	12.258
C02:00:02	0	11.354	16.352	0.006	12.256
C02:01:02	0	11.466	16.347	0.01	12.256
C02:02:02	0	11.523	16.342	0.008	12.256
C02:03:02	0	11.587	16.336	0.007	12.256
C02:04:02	0	11.533	16.331	0.007	12.256
C02:05:02	0	11.434	16.325	0.007	12.256
C02:06:02	0	11.37	16.32	0.004	12.256
C02:07:02	0	11.44	16.314	0.01	12.256
C02:08:02	0	11.402	16.307	0.004	12.256
C02:09:02	0	11.341	16.301	0.01	12.256
C02:10:02	0	11.271	16.296	0.013	12.258
C02:11:02	0	11.158	16.29	0.015	12.256
C02:12:02	0	11.065	16.285	0.021	12.256
C02:13:02	0	11.219	16.28	0.007	12.256
C02:14:02	0	11.357	16.275	0.005	12.256
C02:15:02	0	11.405	16.269	0.012	12.256
C02:16:02	0	11.466	16.263	0.008	12.256
C02:17:02	0	11.363	16.257	0.012	12.256
C02:18:02	0	11.248	16.252	0.011	12.256
C02:19:02	0	11.149	16.245	0.004	12.256
C02:20:02	0	11.042	16.239	0.014	12.256
C02:21:02	0	11.029	16.236	0.008	12.256
C02:22:02	0	11.113	16.229	0.012	12.256
C02:23:02	0	11.258	16.223	0.008	12.256
C02:24:02	0	11.395	16.217	0.002	12.256
C02:25:02	0	11.437	16.211	0.009	12.256
C02:26:02	0	11.491	16.205	0.006	12.256
C02:27:02	0	11.443	16.199	0.009	12.256
C02:28:02	0	11.325	16.192	0.008	12.256
C02:29:02	0	11.152	16.187	0.015	12.256
C02:30:02	0	11.174	16.181	0.006	12.256
C02:31:02	0	11.142	16.175	0.012	12.256
C02:32:02	0	11.062	16.17	0.006	12.256
C02:33:02	0	10.913	16.163	0.015	12.256
C02:34:02	0	10.8	16.158	0.004	12.256
C02:35:02	0	10.66	16.151	0.01	12.256
C02:36:02	0	10.614	16.146	0.013	12.256
C02:37:02	0	10.695	16.139	0.006	12.256
C02:38:02	0	10.858	16.134	0.008	12.256
C02:39:02	0	10.968	16.128	0.012	12.256
C02:40:02	0	11.161	16.122	0.015	12.256
C02:41:02	0	11.161	16.116	0.01	12.256
C02:42:02	0	11.149	16.109	0.007	12.254
C02:43:02	0	11.049	16.102	0.007	12.253
C02:44:02	0	11.023	16.095	0.007	12.254
C02:45:02	0	10.926	16.088	0.009	12.254
C02:46:02	0	10.942	16.082	0.01	12.254
C02:47:02	0	11.161	16.074	0.009	12.254
C02:48:02	0	11.171	16.068	0.01	12.253
C02:49:02	0	11.071	16.062	0.005	12.253
C02:50:02	0	11.052	16.056	0.013	12.254
C02:51:02	0	11	16.05	0.011	12.251
C02:52:02	0	10.994	16.044	0.007	12.256
C02:53:02	0	11.01	16.038	0.011	12.249
C02:54:02	0	11.206	16.033	0.015	12.253
C02:55:02	0	11.299	16.029	0.006	12.253
C02:56:02	0	10.981	16.025	0.004	12.249
C02:57:02	0	10.855	16.02	0.007	12.249
C02:58:02	0	10.855	16.016	0.008	12.247
C02:59:02	0	10.871	16.01	0.011	12.246
C03:00:02	0	11.036	16.004	0.013	12.246
C03:01:02	0	11.351	15.998	0.012	12.249
C03:02:02	0	11.51	15.992	0.01	12.251
C03:03:02	0	11.526	15.987	0.01	12.246
C03:04:02	0	11.536	15.981	0.007	12.247
C03:05:02	0	11.533	15.977	0.008	12.244
C03:06:02	0	11.287	15.972	0.008	12.241
C03:07:02	0	11.084	15.968	0.012	12.247
C03:08:02	0	11.068	15.963	0.007	12.242
C03:09:02	0	11.168	15.958	0.003	12.244
C03:10:02	0	11.145	15.953	0.016	12.237
C03:11:02	0	11.306	15.949	0.003	12.241
C03:12:02	0	11.277	15.944	0.012	12.244
C03:13:02	0	11.152	15.94	0.004	12.241
C03:14:02	0	11.042	15.936	0.004	12.239
C03:15:02	0	11.194	15.934	0.01	12.235
C03:16:02	0	11.2	15.929	0.008	12.237
C03:17:02	0	11.274	15.925	0.011	12.241
C03:18:02	0	11.36	15.921	0.014	12.237
C03:19:02	0	11.501	15.917	0.004	12.235
C03:20:02	0	11.494	15.914	0.007	12.237
C03:21:02	0	11.672	15.911	0.005	12.235
C03:22:02	0	11.478	15.908	0.006	12.237
C03:23:02	0	11.303	15.905	0.013	12.237
C03:24:02	0	11.222	15.902	0.009	12.239
C03:25:02	0	11.145	15.9	0.009	12.235
C03:26:02	0	11.116	15.898	0.012	12.237
C03:27:02	0	11.149	15.895	0.012	12.239
C03:28:02	0	11.338	15.894	0.01	12.235
C03:29:02	0	11.459	15.892	0.01	12.237
C03:30:02	0	11.755	15.89	0.006	12.235
C03:31:02	0	11.827	15.888	0.01	12.235
C03:32:02	0	12.07	15.887	0.015	12.235
C03:33:02	0	11.966	15.886	0.01	12.237
C03:34:02	0	11.815	15.885	0.016	12.235
C03:35:02	0	11.637	15.883	0.006	12.235
C03:36:02	0	11.555	15.882	0.006	12.235
C03:37:02	0	11.232	15.881	0.007	12.235
C03:38:02	0	11.174	15.881	0.01	12.237
C03:39:02	0	11.309	15.88	0.004	12.235
C03:40:02	0	11.351	15.879	0.011	12.235
C03:41:02	0	11.312	15.878	0.008	12.235
C03:42:02	0	11.507	15.877	0.013	12.235
C03:43:02	0	11.679	15.877	0.002	12.235
C03:44:02	0	11.963	15.877	0.01	12.235
C03:45:02	0	11.995	15.876	0.009	12.235
C03:46:02	0	11.887	15.875	0.011	12.235
C03:47:02	0	11.802	15.872	0.004	12.235
C03:48:02	0	11.59	15.868	0.014	12.235
C03:49:02	0	11.517	15.864	0.008	12.235
C03:50:02	0	11.723	15.859	0.019	12.235
C03:51:02	0	11.536	15.855	0.009	12.235
C03:52:02	0	11.491	15.85	0.005	12.235
C03:53:02	0	11.568	15.847	0.012	12.235
C03:54:02	0	11.574	15.841	0.01	12.234
C03:55:02	0	11.501	15.834	0.013	12.235
C03:56:02	0	11.59	15.827	0.013	12.235
C03:57:02	0	11.453	15.818	0.01	12.235
C03:58:02	0	11.485	15.811	0.004	12.235
C03:59:02	0	11.568	15.805	0.016	12.235
C04:00:02	0	11.564	15.8	0.019	12.235
C04:01:02	0	11.859	15.793	0.009	12.235
C04:02:02	0	12.061	15.786	0.011	12.235
C04:03:02	0	12.042	15.777	0.008	12.235
C04:04:02	0	11.903	15.768	0.015	12.235
C04:05:02	0	11.932	15.76	0.011	12.235
C04:06:02	0	12.092	15.749	0.015	12.235
C04:07:02	0	12.064	15.739	0.008	12.235
C04:08:02	0	11.954	15.727	0.008	12.234
C04:09:02	0	12.023	15.715	0.007	12.232
C04:10:02	0	11.922	15.704	0.015	12.234
C04:11:02	0	11.875	15.693	0.012	12.232
C04:12:02	0	11.767	15.685	0.004	12.23
C04:13:02	0	11.761	15.679	0.007	12.234
C04:14:02	0	11.682	15.674	0.004	12.23
C04:15:02	0	11.685	15.67	0.001	12.235
C04:16:02	0	11.603	15.666	0.007	12.23
C04:17:02	0	11.631	15.662	0.004	12.232
C04:18:02	0	11.606	15.656	0.002	12.23
C04:19:02	0	11.603	15.651	0.01	12.229
C04:20:02	0	11.704	15.648	0.005	12.223
C04:21:02	0	11.66	15.646	0.01	12.223
C04:22:02	0	11.498	15.644	0.012	12.227
C04:23:02	0	11.466	15.643	0.012	12.222
C04:24:02	0	11.408	15.642	0.019	12.222
C04:25:02	0	11.469	15.642	0.011	12.222
C04:26:02	0	11.501	15.639	0.005	12.22
C04:27:02	0	11.501	15.636	0.006	12.218
C04:28:02	0	11.517	15.632	0.012	12.222
C04:29:02	0	11.501	15.626	0.008	12.215
C04:30:02	0	11.523	15.619	0.003	12.218
C04:31:02	0	11.469	15.611	0.012	12.217
C04:32:02	0	11.507	15.604	0.01	12.217
C04:33:02	0	11.653	15.595	0.005	12.215
C04:34:02	0	11.891	15.585	0.005	12.217
C04:35:02	0	11.985	15.574	0.006	12.215
C04:36:02	0	11.862	15.563	0.014	12.215
C04:37:02	0	11.894	15.552	0.009	12.215
C04:38:02	0	11.701	15.542	0.008	12.217
C04:39:02	0	11.555	15.534	0.02	12.215
C04:40:02	0	11.513	15.527	0.01	12.215
C04:41:02	0	11.376	15.52	0.01	12.215
C04:42:02	0	11.354	15.515	0.015	12.215
C04:43:02	0	11.328	15.509	0.006	12.215
C04:44:02	0	11.341	15.502	0.016	12.215
C04:45:02	0	11.325	15.497	0.002	12.215
C04:46:02	0	11.418	15.493	0.011	12.215
C04:47:02	0	11.549	15.49	0.013	12.215
C04:48:02	0	11.501	15.485	0.012	12.215
C04:49:02	0	11.561	15.482	0.012	12.215
C04:50:02	0	11.536	15.479	0.012	12.215
C04:51:02	0	11.504	15.475	0.009	12.215
C04:52:02	0	11.45	15.472	0.019	12.215
C04:53:02	0	11.389	15.471	0.014	12.213
C04:54:02	0	11.44	15.469	0.004	12.213
C04:55:02	0	11.548	15.467	0.015	12.21
C04:56:02	0	11.79	15.466	0.01	12.21
C04:57:02	0	11.859	15.462	0.011	12.208
C04:58:02	0	11.812	15.459	0.004	12.211
C04:59:02	0	11.777	15.455	0.013	12.211
E05:00:02	11.059	11.698	15.452	0.01	12.211
E05:01:02	11.059	11.603	15.449	0.007	12.21
E05:02:02	10.981	11.596	15.448	0.015	12.206
E05:03:02	11.078	11.545	15.45	0.01	12.205
E05:04:02	11.007	11.542	15.452	0.005	12.203
E05:05:02	11.104	11.647	15.455	0.012	12.21
E05:06:02	10.994	11.529	15.459	0.015	12.201
E05:07:02	11.13	11.583	15.463	0.009	12.205
E05:08:02	11.331	11.723	15.468	0.005	12.198
E05:09:02	11.409	11.938	15.471	0.004	12.196
E05:10:02	11.208	11.771	15.475	0.01	12.198
E05:11:02	11.013	11.733	15.48	0.01	12.196
E05:12:02	10.942	11.71	15.484	0.003	12.196
E05:13:02	10.857	11.583	15.488	0.006	12.196
E05:14:02	10.896	11.606	15.491	0.01	12.196
E05:15:02	10.883	11.564	15.491	0.009	12.194
E05:16:02	10.838	11.564	15.489	0.018	12.196
E05:17:02	10.883	11.583	15.487	0.012	12.198
E05:18:02	10.929	11.542	15.483	0.013	12.194
E05:19:02	10.935	11.555	15.479	0.013	12.194
E05:20:02	10.87	11.615	15.475	0.007	12.194
E05:21:02	10.955	11.897	15.47	0.012	12.194
E05:22:02	11.059	12.057	15.464	0.011	12.194
E05:23:02	11.065	11.95	15.458	0.01	12.194
E05:24:02	10.864	11.733	15.451	0.016	12.194
E05:25:02	10.883	11.66	15.444	0.012	12.194
E05:26:02	10.896	11.631	15.438	0.004	12.194
E05:27:02	10.819	11.612	15.433	0.011	12.194
E05:28:02	10.806	11.682	15.429	0.01	12.194
E05:29:02	10.903	11.872	15.425	0.023	12.194
E05:30:02	11.143	12.114	15.42	0.029	12.194
E05:31:02	11.331	12.245	15.415	0.045	12.194
E05:32:02	11.409	12.173	15.411	0.059	12.194
E05:33:02	11.331	12.079	15.406	0.133	12.194
E05:34:02	11.072	11.824	15.404	0.193	12.194
E05:35:02	10.877	11.691	15.401	0.322	12.194
E05:36:02	10.896	11.818	15.397	0.455	12.194
E05:37:02	11	11.894	15.394	0.74	12.191
E05:38:02	11.26	11.985	15.39	1.263	12.193
E05:39:02	11.344	11.91	15.387	1.865	12.194
E05:40:02	11.351	11.853	15.383	2.062	12.193
E05:41:02	11.331	11.802	15.38	2.285	12.194
E05:42:02	11.351	11.66	15.375	2.59	12.191
E05:43:02	11.39	11.558	15.371	2.73	12.191
E05:44:02	11.487	11.58	15.367	3.007	12.187
E05:45:02	11.636	11.729	15.363	3.458	12.186
E05:46:02	11.643	11.72	15.358	3.716	12.187
E05:47:02	11.623	11.609	15.353	3.802	12.184
E05:48:02	11.649	11.561	15.347	3.926	12.187
E05:49:02	11.74	11.561	15.342	4.186	12.189
E05:50:02	11.883	11.542	15.337	4.626	12.182
E05:51:02	12.103	11.564	15.331	5.272	12.177
E05:52:02	12.421	11.745	15.327	5.957	12.179
E05:53:02	12.681	11.843	15.323	6.468	12.186
E05:54:02	13.076	12.017	15.318	6.931	12.181
E05:55:02	13.388	12.039	15.315	7.47	12.179
E05:56:02	13.589	11.966	15.311	8.124	12.177
E05:57:02	13.758	11.869	15.308	8.772	12.181
E05:58:02	14.004	11.84	15.305	9.34	12.175
E05:59:02	14.342	11.862	15.303	9.985	12.175
F06:00:02	14.835	11.881	15.3	10.803	12.177
F06:01:02	15.425	11.925	15.297	11.707	12.175
F06:02:02	16.21	11.935	15.294	12.396	12.174
F06:03:02	16.872	11.856	15.292	12.471	12.175
F06:04:02	17.729	11.656	15.29	12.48	12.191
F06:05:02	19.033	11.733	15.29	12.486	12.196
F06:06:02	20.837	11.764	15.288	12.497	12.208
F06:07:02	23.075	11.887	15.287	12.511	12.222
F06:08:02	26.65	11.859	15.286	12.53	12.241
F06:09:02	30.511	11.723	15.286	12.552	12.263
F06:10:02	32.801	11.637	15.287	12.579	12.292
F06:11:02	33.664	11.695	15.287	12.606	12.314
F06:12:02	33.301	11.875	15.288	12.626	12.333
F06:13:02	32.528	11.947	15.289	12.641	12.34
F06:14:02	32.97	12.048	15.29	12.658	12.362
F06:15:02	35.085	12.032	15.29	12.685	12.393
F06:16:02	39.406	12.148	15.291	12.723	12.428
F06:17:02	43.585	12.192	15.292	12.766	12.472
F06:18:02	45.797	12.142	15.294	12.805	12.512
F06:19:02	47.562	12.27	15.298	12.847	12.553
F06:20:02	47.14	12.245	15.304	12.889	12.591
F06:21:02	44.298	12.152	15.31	12.908	12.61
F06:22:02	41.405	12.079	15.317	12.918	12.625
F06:23:02	39.017	12.051	15.325	12.927	12.63
F06:24:02	37.434	12.076	15.333	12.935	12.642
F06:25:02	37.005	12.048	15.341	12.95	12.663
F06:26:02	37.622	12.051	15.35	12.973	12.676
F06:27:02	39.62	12.039	15.36	13.004	12.714
F06:28:02	42.949	12.051	15.369	13.068	12.774
F06:29:02	44.642	12.18	15.379	13.141	12.846
F06:30:02	44.804	12.42	15.391	13.206	12.908
F06:31:02	45.791	12.473	15.401	13.302	12.997
F06:32:02	49.547	12.432	15.41	13.483	13.184
F06:33:02	54.777	12.479	15.42	14.846	13.358
F06:34:02	56.328	12.519	15.431	15.78	13.287
F06:35:02	52.902	12.739	15.441	14.68	13.224
F06:36:02	48.049	12.724	15.453	15.35	13.205
F06:37:02	45.129	12.628	15.464	14.492	13.217
F06:38:02	46.096	12.656	15.476	14.818	13.243
F06:39:02	47.426	12.721	15.489	14.562	13.315
F06:40:02	48.321	12.733	15.502	14.573	13.346
F06:41:02	50.702	12.742	15.517	15.632	13.32
F06:42:02	52.467	12.693	15.531	16.093	13.359
F06:43:02	53.2	12.659	15.546	15.675	13.329
F06:44:02	54.822	12.674	15.56	15.305	13.265
F06:45:02	58.618	12.705	15.574	15.557	13.322
F06:46:02	63.763	12.724	15.587	16.365	13.349
F06:47:02	69.759	12.813	15.602	17.555	13.335
F06:48:02	76.707	12.829	15.615	17.088	13.327
F06:49:02	80.562	12.819	15.628	17.138	13.306
F06:50:02	80.043	12.807	15.643	17.85	13.246
F06:51:02	76.532	12.801	15.659	16.606	13.244
F06:52:02	75.397	12.881	15.673	18.048	13.341
F06:53:02	74.216	12.939	15.687	16.434	13.335
F06:54:02	70.991	13.01	15.702	17.989	13.262
F06:55:02	64.84	12.952	15.717	18.092	13.231
F06:56:02	62.057	12.909	15.732	17.141	13.311
F06:57:02	64.99	12.985	15.747	17.729	13.33
F06:58:02	69.531	13.089	15.76	18.021	13.337
F06:59:02	69.032	13.151	15.773	17.281	13.313
F07:00:02	63.361	13.092	15.787	16.392	13.275
F07:01:02	57.47	13.089	15.802	16.952	13.212
F07:02:02	55.724	13.108	15.816	16.898	13.243
F07:03:02	59.293	13.068	15.831	17.591	13.327
F07:04:02	58.884	13.16	15.845	16.921	13.323
F07:05:02	53.804	12.951	15.858	16.949	13.248
F07:06:02	48.12	12.924	15.872	16.891	13.255
F07:07:02	44.48	13.19	15.886	16.226	13.322
F07:08:02	43.513	13.199	15.899	15.534	13.334
F07:09:02	44.473	13.102	15.914	16.535	13.346
F07:10:02	46.894	12.973	15.928	16.431	13.335
F07:11:02	50.281	13.016	15.941	17.067	13.356
F07:12:02	55.867	12.927	15.955	17.546	13.344
F07:13:02	61.363	12.93	15.968	17.739	13.344
F07:14:02	66.897	12.998	15.982	17.9	13.339
F07:15:02	71.699	13.004	15.997	18.237	13.334
F07:16:02	71.432	13.034	16.012	18.388	13.31
F07:17:02	75.059	13.031	16.025	17.979	13.305
F07:18:02	81.567	13.019	16.036	19.021	13.329
F07:19:02	86.738	13.062	16.052	18.217	13.291
F07:20:02	94.395	13.059	16.067	17.772	13.313
G07:21:02	101.311	13.129	16.082	18.716	13.306
G07:22:02	110.032	13.205	16.098	19.069	13.275
G07:23:02	122.548	13.382	16.114	19.092	13.305
G07:24:02	130.729	13.506	16.13	19.885	13.289
G07:25:02	133.623	13.488	16.146	18.707	13.253
G07:26:02	140.358	13.684	16.164	19.439	13.27
G07:27:02	147.716	13.889	16.182	19.376	13.294
G07:28:02	142.389	13.919	16.201	19.431	13.256
G07:29:02	125.604	13.958	16.22	19.286	13.238
G07:30:02	114.041	13.979	16.24	19.241	13.339
G07:31:02	114.372	13.946	16.261	19.131	13.306
G07:32:02	123.183	13.835	16.283	19.094	13.303
G07:33:02	129.153	13.853	16.306	19.552	13.294
G07:34:02	127.466	13.925	16.332	19.076	13.315
G07:35:02	126.428	14.039	16.357	19.733	13.322
G07:36:02	141.357	14.072	16.383	19.561	13.301
G07:37:02	165.734	14.075	16.411	19.758	13.294
G07:38:02	178.561	14.033	16.441	19.903	13.317
G07:39:02	180.741	14.185	16.473	19.719	13.323
G07:40:02	160.932	14.221	16.504	19.649	13.291
G07:41:02	135.998	14.221	16.538	19.741	13.244
G07:42:02	167.233	14.363	16.571	19.423	13.303
G07:43:02	250.763	14.931	16.607	20.35	13.277
G07:44:02	197.605	15.264	16.644	19.905	13.227
G07:45:02	177.685	15.142	16.678	19.693	13.272
G07:46:02	286.929	15.019	16.715	20.153	13.272
G07:47:02	241.05	15.267	16.753	19.822	13.263
G07:48:02	247.11	15.426	16.794	19.956	13.265
G07:49:02	199.96	15.322	16.832	19.983	13.239
G07:50:02	216.025	15.29	16.871	19.666	13.25
G07:51:02	186.613	15.162	16.91	19.944	13.255
G07:52:02	169.809	14.981	16.952	19.453	13.238
G07:53:02	150.785	14.905	16.994	18.897	13.214
G07:54:02	142.772	14.841	17.036	18.989	13.279
G07:55:02	147.884	14.794	17.078	19.76	13.246
G07:56:02	178.834	14.832	17.119	19.954	13.282
H07:57:02	184.213	14.767	17.161	19.747	13.267
H07:58:02	168.498	14.597	17.202	19.665	13.234
H07:59:02	164.3	14.514	17.243	19.688	13.205
H08:00:02	167.661	14.443	17.283	19.093	13.181
H08:01:02	183.577	14.75	17.326	19.678	13.191
H08:02:02	199.577	15.028	17.367	19.722	13.236
H08:03:02	207.227	15.304	17.413	19.461	13.275
H08:04:02	233.336	15.565	17.459	19.979	13.251
H08:05:02	229.306	15.614	17.501	20.086	13.212
H08:06:02	271.896	15.766	17.543	19.965	13.239
H08:07:02	268.379	15.847	17.587	20.143	13.282
H08:08:02	242.543	15.749	17.631	19.78	13.212
H08:09:02	232.265	15.7	17.677	19.742	13.282
H08:10:02	247.13	15.712	17.722	19.759	13.255
H08:11:02	227.736	15.738	17.768	19.724	13.238
H08:12:02	205.741	15.68	17.816	19.8	13.2
H08:13:02	191.557	15.66	17.864	19.699	13.241
H08:14:02	198.279	15.735	17.91	19.493	13.279
H08:15:02	199.512	15.694	17.956	19.3	13.294
H08:16:02	197.754	15.473	18.002	19.811	13.215
H08:17:02	236.158	15.602	18.044	19.817	13.207
H08:18:02	175.447	15.365	18.084	19.758	13.179
G08:19:02	163.164	15.449	18.124	19.042	13.251
G08:20:02	169.465	15.646	18.163	19.603	13.244
G08:21:02	170.834	15.812	18.199	19.754	13.262
G08:22:02	218.03	16.027	18.237	19.44	13.246
G08:23:02	206.37	16.155	18.275	19.924	13.176
G08:24:02	366.762	16.478	18.311	20.308	13.241
G08:25:02	385.046	16.984	18.347	20.228	13.207
G08:26:02	263.046	16.973	18.384	19.827	13.208
H08:27:02	218.705	16.639	18.42	19.553	13.226
H08:28:02	247.824	16.343	18.458	19.478	13.281
H08:29:02	264.765	16.269	18.497	19.682	13.246
H08:30:02	254.222	16.238	18.537	19.781	13.172
H08:31:02	263.545	16.382	18.576	19.779	13.281
H08:32:02	295.481	16.43	18.615	19.782	13.226
H08:33:02	304.96	16.408	18.657	19.976	13.179
H08:34:02	287.072	16.408	18.695	20.023	13.155
H08:35:02	421.815	16.526	18.733	20.047	13.183
H08:36:02	238.462	16.484	18.769	19.71	13.205
H08:37:02	172.417	16.263	18.809	19.252	13.27
H08:38:02	155.411	16.289	18.846	19.104	13.281
H08:39:02	142.486	16.044	18.883	19.337	13.277
H08:40:02	134.376	15.74	18.92	19.004	13.229
H08:41:02	130.574	15.634	18.956	18.996	13.196
H08:42:02	128.205	15.717	18.994	19.305	13.174
H08:43:02	141.455	15.789	19.029	18.882	13.169
H08:44:02	175.966	15.844	19.063	19.451	13.193
H08:45:02	205.293	15.878	19.095	19.374	13.251
H08:46:02	242.309	15.993	19.122	19.921	13.267
H08:47:02	525.486	15.947	19.151	20.529	13.241
H08:48:02	287.805	15.637	19.179	19.823	13.22
H08:49:02	247.325	15.415	19.205	19.99	13.236
H08:50:02	226.523	15.276	19.229	19.758	13.172
H08:51:02	213.3	15.29	19.255	19.491	13.256
H08:52:02	212.086	15.513	19.279	19.764	13.244
H08:53:02	223.396	15.426	19.301	19.842	13.246
H08:54:02	239.454	15.365	19.322	19.732	13.251
H08:55:02	221.585	15.252	19.343	19.734	13.256
H08:56:02	231.545	15.156	19.363	19.843	13.282
H08:57:02	221.89	15.217	19.382	19.882	13.275
H08:58:02	208.161	15.078	19.399	19.533	13.265
H08:59:02	209.381	15.057	19.416	19.84	13.258
H09:00:02	225.978	14.929	19.435	19.93	13.238
H09:01:02	259.503	14.987	19.451	20.148	13.265
H09:02:02	282.654	15.339	19.466	20.077	13.236
H09:03:02	332.685	15.441	19.478	19.925	13.219
H09:04:02	280.571	15.191	19.49	20.187	13.198
H09:05:02	257.128	15.171	19.502	19.981	13.19
H09:06:02	253.339	15.13	19.514	20.129	13.178
H09:07:02	244.788	15.136	19.528	20.003	13.19
H09:08:02	216.304	15.217	19.541	19.627	13.296
H09:09:02	198.896	15.342	19.554	19.427	13.279
H09:10:02	223.876	15.299	19.568	19.93	13.287
H09:11:02	282.147	15.348	19.58	20.103	13.27
H09:12:02	545.716	15.409	19.593	20.528	13.251
H09:13:02	742.936	15.671	19.604	20.695	13.207
H09:14:02	298.206	15.582	19.615	19.834	13.193
H09:15:02	592.062	15.622	19.627	20.509	13.265
H09:16:02	432.32	15.726	19.643	20.115	13.19
H09:17:02	368.617	15.536	19.66	20.088	13.224
H09:18:02	434.39	15.527	19.677	20.165	13.234
H09:19:02	234.497	15.504	19.694	19.344	13.205
H09:20:02	237.657	15.426	19.712	19.713	13.277
H09:21:02	286.183	15.328	19.725	19.752	13.256
H09:22:02	718.844	15.371	19.738	20.69	13.26
H09:23:02	415.359	15.397	19.749	20.258	13.193
H09:24:02	373.237	15.438	19.758	20.108	13.198
H09:25:02	337.986	15.42	19.764	19.973	13.267
H09:26:02	267.367	15.628	19.768	19.715	13.248
H09:27:02	374.956	15.827	19.773	20.067	13.231
H09:28:02	705.751	16.283	19.779	20.284	13.22
H09:29:02	658.419	16.328	19.787	20.344	13.272
H09:30:02	349.295	16.203	19.797	19.641	13.176
H09:31:02	318.034	16.07	19.808	18.966	13.241
H09:32:02	278.916	15.521	19.822	19.389	13.217
H09:33:02	548.214	15.601	19.835	20.259	13.217
H09:34:02	368.014	16.118	19.847	19.634	13.186
H09:35:02	291.757	15.758	19.859	19.768	13.198
H09:36:02	826.336	16.138	19.872	20.413	13.239
H09:37:02	485.368	16.104	19.885	19.965	13.2
H09:38:02	343.384	16.004	19.896	19.712	13.154
H09:39:02	391.891	15.766	19.907	19.87	13.215
H09:40:02	412.251	15.694	19.919	19.871	13.212
H09:41:02	537.009	15.752	19.932	20.159	13.164
H09:42:02	352.676	15.657	19.941	19.941	13.142
H09:43:02	620.656	15.651	19.947	20.196	13.15
H09:44:02	254.131	15.435	19.951	19.381	13.231
H09:45:02	276.879	15.481	19.954	19.572	13.25
H09:46:02	342.009	15.441	19.957	20	13.239
H09:47:02	312.837	15.473	19.96	19.535	13.262
H09:48:02	282.264	15.499	19.965	19.903	13.224
H09:49:02	317.379	15.458	19.967	19.711	13.226
H09:50:02	290.375	15.438	19.972	19.645	13.222
H09:51:02	411.09	15.429	19.977	20.199	13.234
H09:52:02	635.378	15.553	19.982	20.717	13.224
H09:53:02	438.711	15.694	19.985	20.072	13.219
H09:54:02	274.686	15.7	19.985	19.888	13.152
H09:55:02	258.244	15.519	19.982	19.878	13.184
H09:56:02	275.14	15.637	19.977	20.054	13.265
H09:57:02	321.772	15.487	19.972	20.193	13.248
H09:58:02	438.607	15.397	19.967	20.237	13.241
H09:59:02	345.954	15.339	19.959	20.077	13.171
H10:00:02	385.909	15.792	19.946	20.215	13.246
H10:01:02	519.893	15.967	19.935	20.503	13.219
H10:02:02	541.324	15.784	19.925	20.345	13.198
H10:03:02	409.306	15.726	19.916	20.09	13.171
H10:04:02	623.868	15.749	19.909	20.35	13.174
H10:05:02	601.912	16.206	19.904	20.27	13.174
H10:06:02	287.591	16.147	19.902	19.596	13.154
H10:07:02	340.406	16.09	19.904	19.774	13.181
H10:08:02	311.773	16.229	19.907	19.672	13.248
H10:09:02	278.916	16.433	19.912	19.456	13.227
H10:10:02	230.455	16.34	19.919	19.434	13.205
H10:11:02	204.748	15.938	19.929	19.522	13.193
H10:12:02	214.649	15.887	19.938	19.662	13.179
H10:13:02	227.172	15.829	19.948	19.379	13.162
H10:14:02	253.08	15.784	19.955	19.584	13.162
H10:15:02	244.58	15.669	19.96	19.869	13.162
H10:16:02	238.598	15.694	19.962	19.639	13.162
H10:17:02	264.655	15.746	19.964	19.65	13.162
H10:18:02	278.949	16.166	19.962	19.765	13.183
H10:19:02	278.572	16.044	19.96	19.611	13.179
H10:20:02	406.821	16.229	19.958	20.322	13.2
H10:21:02	425.131	16.617	19.958	20.149	13.196
H10:22:02	373.042	16.351	19.961	20.124	13.16
H10:23:02	853.99	16.425	19.966	20.769	13.179
H10:24:02	868.952	17.034	19.975	20.368	13.222
H10:25:02	340.14	16.945	19.989	19.575	13.181
H10:26:02	563.825	17.032	20.006	20.048	13.169
H10:27:02	361.934	16.811	20.027	19.464	13.16
H10:28:02	310.91	16.543	20.05	19.554	13.143
H10:29:02	284.036	16.309	20.075	19.19	13.183
H10:30:02	276.217	16.478	20.099	19.482	13.243
H10:31:02	337.765	16.498	20.121	19.825	13.256
H10:32:02	399.249	16.382	20.145	20.111	13.31
H10:33:02	922.805	16.436	20.17	20.773	13.22
I10:34:02	1058.482	16.642	20.195	20.63	13.162
H10:35:02	660.78	16.6	20.22	20.142	13.19
I10:36:02	1118.149	16.799	20.249	20.476	13.241
H10:37:02	988.661	17.024	20.278	20.157	13.169
H10:38:02	461.602	16.856	20.307	19.451	13.217
H10:39:02	421.076	16.566	20.335	19.591	13.224
H10:40:02	417.929	16.611	20.365	19.711	13.183
H10:41:02	628.91	16.589	20.395	20.064	13.184
H10:42:02	669.17	16.642	20.424	20.018	13.195
H10:43:02	623.764	16.951	20.454	20.105	13.203
H10:44:02	516.091	17.113	20.482	19.899	13.195
H10:45:02	387.557	17.41	20.51	19.669	13.169
H10:46:02	357.334	17.274	20.539	19.633	13.16
H10:47:02	334.34	17.021	20.567	19.615	13.147
H10:48:02	321.901	16.875	20.595	19.657	13.196
H10:49:02	317.762	16.884	20.623	19.526	13.246
H10:50:02	311.916	17.115	20.648	19.491	13.241
H10:51:02	316.224	17.099	20.67	19.631	13.239
H10:52:02	326.255	16.909	20.689	19.866	13.244
H10:53:02	331.511	16.67	20.708	19.729	13.248
H10:54:02	336.416	16.667	20.724	19.597	13.256
H10:55:02	355.323	16.808	20.74	19.985	13.294
H10:56:02	389.38	16.816	20.754	20.006	13.224
H10:57:02	399.106	16.9	20.77	20.082	13.191
H10:58:02	420.667	17.113	20.787	20.064	13.176
H10:59:02	378.09	17.466	20.804	19.862	13.164
H11:00:02	363.44	17.698	20.825	19.799	13.162
H11:01:02	420.394	17.512	20.847	19.927	13.147
H11:02:02	418.72	17.821	20.871	19.836	13.15
H11:03:02	409.565	17.352	20.898	19.711	13.147
H11:04:02	433.656	17.471	20.923	19.96	13.142
H11:05:02	501.531	17.717	20.948	20.041	13.147
H11:06:02	374.45	17.219	20.972	19.763	13.171
H11:07:02	346.628	17.046	21.002	19.848	13.138
H11:08:02	329.687	16.836	21.027	19.754	13.124
H11:09:02	322.148	16.959	21.051	19.76	13.142
H11:10:02	321.648	17.377	21.073	19.743	13.119
H11:11:02	320.124	17.349	21.097	19.516	13.121
H11:12:02	318.469	16.92	21.121	19.565	13.181
H11:13:02	326.164	17.16	21.144	19.741	13.226
H11:14:02	341.289	17.277	21.169	19.309	13.232
H11:15:02	356.582	16.948	21.19	19.847	13.241
H11:16:02	416.326	16.878	21.209	20.08	13.229
H11:17:02	467.506	16.8	21.225	20.197	13.183
H11:18:02	414.334	16.914	21.242	20.068	13.166
H11:19:02	348.244	16.732	21.256	19.928	13.157
H11:20:02	328.266	16.906	21.272	19.919	13.142
H11:21:02	356.822	17.219	21.288	20.039	13.138
H11:22:02	390.704	16.875	21.303	20.094	13.138
H11:23:02	408.573	16.867	21.32	20.176	13.159
H11:24:02	415.878	17.144	21.336	20.152	13.131
H11:25:02	368.507	17.024	21.355	19.928	13.128
H11:26:02	314.148	16.867	21.373	19.86	13.121
H11:27:02	274.978	16.684	21.386	19.689	13.121
H11:28:02	235.204	16.984	21.399	18.922	13.19
H11:29:02	207.525	16.97	21.415	19.263	13.243
H11:30:02	206	17.168	21.432	19.326	13.253
H11:31:02	230.442	17.249	21.45	19.752	13.236
H11:32:02	258.939	17.291	21.469	19.781	13.224
H11:33:02	256.473	17.64	21.49	19.6	13.219
H11:34:02	239.026	17.188	21.514	19.635	13.241
H11:35:02	217.783	16.791	21.535	19.659	13.196
H11:36:02	198.377	16.645	21.556	19.509	13.193
H11:37:02	181.299	16.853	21.576	19.544	13.164
H11:38:02	166.519	16.847	21.597	19.381	13.16
H11:39:02	152.342	17.166	21.615	19.461	13.152
H11:40:02	140.929	16.791	21.634	19.292	13.142
H11:41:02	137.373	16.634	21.649	19.25	13.121
H11:42:02	148.468	16.701	21.662	19.527	13.128
H11:43:02	172.371	17.048	21.673	19.34	13.129
H11:44:02	195.827	17.609	21.683	19.755	13.131
H11:45:02	211.23	17.529	21.695	19.466	13.121
H11:46:02	229.897	17.642	21.709	19.916	13.131
H11:47:02	245.203	18.09	21.727	19.91	13.15
H11:48:02	247.402	18.191	21.745	19.887	13.162
H11:49:02	257.836	17.706	21.764	19.803	13.183
H11:50:02	293.353	17.934	21.781	19.999	13.186
H11:51:02	474.799	17.821	21.804	20.328	13.22
H11:52:02	367.605	17.868	21.826	20.064	13.193
H11:53:02	342.216	18.106	21.85	19.831	13.162
H11:54:02	306.758	18.295	21.874	19.729	13.15
H11:55:02	255.87	18.147	21.903	19.727	13.131
H11:56:02	243.25	18.295	21.933	19.655	13.135
H11:57:02	230.059	18.12	21.96	19.6	13.107
H11:58:02	195.489	17.764	21.99	19.592	13.095
H11:59:02	168.524	17.618	22.021	18.144	13.191
H12:00:02	154.814	17.371	22.048	19.355	13.234
H12:01:02	149.312	17.573	22.074	18.911	13.226
H12:02:02	146.217	17.623	22.099	19.166	13.219
H12:03:02	142.532	17.797	22.122	18.91	13.188
H12:04:02	141.974	17.725	22.145	19.265	13.178
H12:05:02	140.131	16.936	22.167	19.158	13.167
H12:06:02	144.387	16.498	22.184	19.248	13.164
H12:07:02	160.057	16.331	22.201	19.407	13.172
H12:08:02	175.648	16.439	22.211	19.741	13.196
H12:09:02	183.771	16.368	22.216	19.621	13.191
H12:10:02	182.655	16.374	22.215	19.384	13.21
H12:11:02	179.567	16.481	22.208	19.783	13.215
H12:12:02	173.059	16.777	22.198	19.359	13.203
H12:13:02	165.987	16.752	22.185	19.48	13.203
H12:14:02	162.483	17.177	22.174	19.671	13.212
H12:15:02	161.036	16.931	22.167	19.325	13.2
H12:16:02	158.253	16.735	22.162	19.568	13.202
H12:17:02	157.468	17.321	22.158	19.626	13.202
H12:18:02	155.346	17.032	22.153	19.171	13.191
H12:19:02	150.973	16.591	22.149	19.612	13.203
H12:20:02	148.391	16.314	22.145	19.451	13.183
H12:21:02	144.511	16.255	22.14	19.394	13.193
H12:22:02	136.225	16.26	22.135	19.47	13.208
H12:23:02	127.232	16.198	22.126	19.492	13.191
H12:24:02	122.372	16.115	22.114	19.481	13.162
H12:25:02	123.761	16.112	22.105	19.196	13.169
H12:26:02	127.686	16.015	22.092	19.275	13.171
H12:27:02	130.775	15.953	22.08	19.474	13.176
H12:28:02	132.838	16.138	22.064	19.593	13.166
H12:29:02	133.805	16.529	22.05	19.308	13.154
H12:30:02	135.602	16.696	22.035	19.04	13.154
H12:31:02	139.236	16.379	22.022	19.083	13.15
H12:32:02	143.738	16.314	22.009	19.37	13.148
H12:33:02	150.473	16.813	21.996	19.658	13.159
H12:34:02	174.409	17.363	21.985	19.751	13.162
H12:35:02	209.906	17.277	21.976	19.779	13.181
H12:36:02	212.08	17.64	21.969	19.631	13.207
H12:37:02	180.482	17.335	21.964	19.691	13.234
H12:38:02	153.958	17.23	21.957	19.575	13.203
H12:39:02	143.764	16.962	21.953	19.404	13.212
H12:40:02	137.776	16.645	21.947	19.39	13.196
H12:41:02	129.003	16.591	21.944	19.128	13.179
H12:42:02	125.578	16.357	21.941	19.278	13.164
H12:43:02	128.984	16.416	21.938	19.461	13.162
H12:44:02	133.415	17.001	21.938	19.505	13.162
H12:45:02	139.54	16.903	21.938	19.218	13.171
H12:46:02	145.568	16.752	21.938	19.084	13.162
H12:47:02	148.916	16.422	21.939	19.469	13.162
H12:48:02	148.773	16.532	21.941	19.667	13.162
H12:49:02	143.966	16.62	21.944	19.486	13.174
H12:50:02	142.129	16.819	21.948	19.659	13.2
H12:51:02	143.79	16.532	21.953	19.535	13.179
H12:52:02	144.374	16.112	21.958	19.313	13.191
H12:53:02	144.232	15.884	21.965	19.333	13.184
H12:54:02	139.845	15.915	21.974	19.352	13.183
H12:55:02	134.596	15.815	21.981	19.369	13.183
H12:56:02	130.197	15.689	21.981	19.24	13.193
H12:57:02	127.913	15.663	21.974	19.473	13.181
H12:58:02	126.57	15.666	21.965	19.016	13.169
H12:59:02	121.996	15.553	21.956	19.316	13.171
H13:00:02	117.837	15.602	21.948	19.369	13.162
H13:01:02	116.403	15.6	21.94	19.522	13.166
H13:02:02	118.382	15.651	21.935	19.22	13.147
H13:03:02	124.877	15.692	21.931	19.338	13.162
H13:04:02	134.11	15.597	21.925	19.609	13.169
H13:05:02	143.94	15.706	21.92	19.669	13.172
H13:06:02	149.059	15.864	21.917	19.53	13.176
H13:07:02	147.722	15.778	21.913	19.566	13.166
H13:08:02	149.532	15.539	21.911	19.652	13.169
H13:09:02	159.46	15.712	21.909	19.603	13.179
H13:10:02	169.99	15.749	21.908	19.639	13.183
H13:11:02	177.653	15.809	21.907	19.69	13.19
H13:12:02	182.831	15.838	21.908	19.629	13.202
H13:13:02	191.856	16.081	21.91	19.886	13.22
H13:14:02	197.338	16.155	21.913	19.702	13.224
H13:15:02	188.806	16.354	21.918	19.674	13.202
H13:16:02	177.056	16.411	21.925	19.775	13.179
H13:17:02	176.2	16.549	21.933	19.75	13.166
H13:18:02	181.449	16.504	21.942	19.756	13.162
H13:19:02	177.802	16.32	21.952	19.474	13.159
H13:20:02	161.997	16.215	21.961	19.516	13.143
H13:21:02	145.088	16.263	21.974	19.42	13.138
H13:22:02	137.029	16.229	21.989	19.44	13.121
H13:23:02	139.138	16.413	22.005	19.203	13.128
H13:24:02	149.811	16.752	22.023	19.135	13.112
H13:25:02	166.493	16.769	22.043	19.507	13.105
H13:26:02	189.293	16.704	22.062	19.689	13.111
H13:27:02	207.545	16.642	22.085	19.777	13.116
H13:28:02	206.993	16.729	22.108	19.902	13.121
H13:29:02	205.124	16.987	22.132	19.817	13.136
H13:30:02	210.218	17.068	22.155	19.924	13.142
H13:31:02	223.701	16.872	22.177	19.934	13.138
H13:32:02	249.57	16.673	22.204	20.012	13.162
H13:33:02	282.096	16.589	22.229	20.176	13.16
H13:34:02	305.973	16.62	22.257	20.023	13.186
H13:35:02	310.761	16.777	22.283	20.101	13.207
H13:36:02	311.235	17.127	22.31	19.828	13.246
H13:37:02	275.821	17.43	22.337	19.542	13.226
H13:38:02	252.372	17.241	22.363	19.648	13.222
H13:39:02	220.469	16.998	22.387	19.419	13.207
H13:40:02	196.813	16.895	22.409	19.326	13.202
H13:41:02	171.898	16.951	22.43	19.494	13.176
H13:42:02	151.836	17.099	22.45	19.446	13.162
H13:43:02	136.108	17.277	22.469	19.123	13.169
G13:44:02	119.492	17.288	22.488	19.225	13.135
G13:45:02	104.776	17.04	22.503	18.925	13.121
F13:46:02	96.01	16.639	22.516	19.007	13.112
F13:47:02	91.481	16.158	22.527	19.013	13.105
F13:48:02	93.804	16.061	22.535	18.763	13.095
G13:49:02	102.252	16.001	22.543	18.317	13.116
H13:50:02	108.059	15.855	22.548	18.648	13.145
G13:51:02	105.529	15.852	22.55	18.567	13.167
G13:52:02	100.76	15.892	22.553	19.119	13.178
G13:53:02	98.911	15.815	22.554	18.682	13.195
G13:54:02	98.781	15.646	22.551	19.116	13.198
H13:55:02	100.481	15.582	22.55	18.415	13.202
H13:56:02	106.995	15.657	22.547	18.905	13.224
H13:57:02	115.255	15.648	22.54	18.725	13.226
H13:58:02	121.127	15.783	22.533	19.478	13.236
H13:59:02	127.595	16.447	22.524	19.322	13.243
H14:00:02	133.63	16.333	22.515	19.204	13.22
H14:01:02	131.443	15.746	22.504	19.174	13.207
H14:02:02	122.23	15.654	22.49	18.968	13.208
H14:03:02	113.775	16.018	22.474	19.389	13.191
H14:04:02	109.564	16.447	22.456	19.128	13.176
H14:05:02	109.538	16.492	22.438	19.088	13.166
H14:06:02	111.271	16.371	22.425	19.214	13.162
H14:07:02	112.134	16.348	22.412	18.831	13.162
H14:08:02	112.218	16.021	22.4	19.1	13.162
H14:09:02	113.503	15.674	22.39	19.28	13.162
H14:10:02	121.191	15.686	22.381	19.371	13.162
H14:11:02	133.694	15.743	22.371	19.049	13.167
H14:12:02	144.037	15.726	22.364	19.468	13.191
H14:13:02	148.501	15.64	22.356	19.103	13.193
H14:14:02	148.553	15.789	22.35	19.463	13.205
H14:15:02	152.361	15.95	22.344	19.402	13.219
H14:16:02	164.391	15.87	22.339	19.333	13.234
H14:17:02	181.449	15.832	22.332	19.882	13.227
H14:18:02	201.206	15.815	22.328	19.995	13.236
H14:19:02	227.334	15.907	22.323	19.753	13.241
H14:20:02	246.403	16.013	22.32	20.092	13.227
H14:21:02	250.322	16.052	22.318	20.113	13.203
H14:22:02	265.849	16.357	22.32	20.047	13.203
H14:23:02	303.053	16.382	22.322	20.184	13.212
H14:24:02	371.466	16.243	22.326	20.404	13.224
H14:25:02	698.841	16.782	22.331	20.72	13.183
H14:26:02	406.256	16.945	22.339	20.209	13.135
H14:27:02	456.028	16.996	22.349	20.275	13.105
H14:28:02	439.58	17.096	22.362	19.754	13.148
H14:29:02	383.047	17.018	22.381	19.795	13.193
H14:30:02	398.217	17.124	22.402	19.772	13.224
H14:31:02	519.744	17.258	22.428	20.111	13.203
H14:32:02	716.398	17.742	22.458	20.194	13.205
H14:33:02	909.893	18.239	22.491	20.498	13.152
H14:34:02	627.794	18.766	22.528	19.818	13.116
H14:35:02	742.553	18.547	22.567	20.078	13.092
H14:36:02	759.941	18.512	22.61	19.915	13.08
H14:37:02	571.144	17.991	22.655	19.676	13.078
H14:38:02	354.745	17.684	22.702	19.349	13.073
H14:39:02	348.906	17.967	22.75	18.983	13.093
H14:40:02	300.328	17.725	22.8	18.889	13.14
H14:41:02	397.25	17.953	22.85	19.517	13.169
H14:42:02	503.886	17.896	22.899	19.648	13.169
H14:43:02	295.377	17.824	22.947	19.433	13.15
H14:44:02	276.567	17.482	22.991	19.462	13.133
H14:45:02	297.791	17.104	23.033	19.609	13.121
H14:46:02	271.085	17.138	23.076	19.555	13.109
H14:47:02	267.133	17.157	23.119	19.409	13.1
H14:48:02	264.908	17.233	23.16	19.574	13.092
H14:49:02	281.07	17.485	23.204	19.685	13.09
H14:50:02	337.649	17.623	23.247	19.836	13.083
H14:51:02	327.079	17.764	23.288	19.571	13.081
H14:52:02	275.056	17.482	23.328	19.569	13.097
H14:53:02	265.991	17.482	23.358	19.535	13.08
H14:54:02	243.905	17.507	23.394	19.446	13.08
H14:55:02	209.64	17.338	23.428	19.457	13.073
H14:56:02	176.491	16.912	23.462	18.925	13.102
H14:57:02	158.013	16.962	23.494	18.766	13.19
H14:58:02	151.466	16.872	23.522	18.758	13.2
H14:59:02	145.471	16.982	23.545	18.893	13.19
H15:00:02	138.042	16.853	23.56	18.967	13.191
H15:01:02	135.518	16.724	23.571	19.183	13.214
H15:02:02	136.627	16.721	23.577	19.208	13.202
H15:03:02	137.815	16.959	23.582	18.873	13.203
H15:04:02	135.057	16.662	23.584	19.239	13.203
H15:05:02	128.536	16.549	23.586	19.23	13.203
H15:06:02	123.339	16.718	23.588	18.768	13.202
H15:07:02	121.951	16.679	23.588	18.566	13.202
H15:08:02	126.479	16.634	23.586	18.892	13.184
H15:09:02	137.763	16.679	23.584	19.207	13.198
H15:10:02	149.656	16.822	23.58	18.738	13.215
H15:11:02	157.422	16.819	23.576	19.371	13.203
H15:12:02	155.515	16.746	23.573	19.308	13.186
H15:13:02	142.285	16.901	23.568	19.131	13.179
G15:14:02	128.653	16.959	23.564	19.371	13.166
G15:15:02	125.299	16.895	23.561	19.308	13.162
G15:16:02	134.278	16.828	23.555	19.281	13.171
H15:17:02	154.185	16.83	23.547	19.511	13.162
H15:18:02	179.035	16.99	23.54	19.475	13.184
H15:19:02	204.359	17.313	23.533	19.583	13.191
H15:20:02	232.226	17.177	23.527	19.549	13.198
H15:21:02	256.596	17.079	23.522	19.876	13.186
H15:22:02	273.557	16.78	23.519	20.02	13.191
H15:23:02	273.706	16.574	23.516	19.894	13.214
H15:24:02	260.729	16.653	23.517	19.977	13.215
H15:25:02	242.659	16.732	23.519	19.888	13.19
H15:26:02	248.655	16.681	23.521	19.724	13.184
H15:27:02	247.707	16.889	23.523	19.894	13.183
H15:28:02	269.093	17.174	23.525	19.511	13.184
H15:29:02	300.419	17.208	23.53	19.622	13.215
H15:30:02	301.45	17.196	23.536	19.922	13.203
H15:31:02	296.934	17.338	23.544	19.87	13.222
H15:32:02	287.805	17.305	23.556	19.426	13.22
H15:33:02	307.011	17.199	23.567	19.62	13.208
H15:34:02	309.152	17.302	23.58	19.624	13.208
H15:35:02	306.926	17.113	23.595	19.979	13.176
H15:36:02	343.261	16.965	23.611	20.042	13.183
H15:37:02	301.612	17.038	23.629	19.77	13.142
H15:38:02	280.571	17.169	23.649	19.801	13.129
H15:39:02	265.258	16.956	23.666	19.515	13.119
H15:40:02	256.778	16.738	23.677	19.815	13.109
H15:41:02	252.788	16.83	23.685	19.813	13.102
H15:42:02	251.036	17.21	23.693	19.591	13.097
H15:43:02	243.334	17.338	23.7	19.568	13.083
H15:44:02	238.436	17.272	23.71	19.603	13.081
H15:45:02	246.033	17.183	23.722	19.731	13.08
H15:46:02	248.551	17.11	23.731	19.615	13.08
H15:47:02	242.16	17.091	23.745	19.743	13.08
H15:48:02	259.639	17.157	23.758	19.73	13.08
H15:49:02	234.231	17.529	23.773	19.646	13.078
H15:50:02	234.471	17.811	23.788	19.708	13.075
H15:51:02	243.347	17.75	23.807	19.634	13.088
H15:52:02	252.34	17.385	23.822	19.659	13.059
H15:53:02	262.91	17.146	23.835	19.754	13.064
H15:54:02	249.291	17.316	23.845	19.752	13.059
H15:55:02	248.797	17.319	23.854	19.717	13.059
H15:56:02	193.387	17.554	23.862	19.396	13.059
H15:57:02	185.387	17.216	23.869	19.519	13.059
H15:58:02	188.346	17.105	23.874	19.591	13.045
H15:59:02	203.243	16.987	23.879	19.456	13.066
H16:00:02	195.029	17.035	23.881	19.389	13.123
H16:01:02	247.026	17.318	23.887	19.457	13.133
H16:02:02	224.823	17.532	23.888	19.49	13.131
H16:03:02	185.828	17.612	23.888	19.166	13.121
H16:04:02	190.415	17.59	23.886	19.565	13.123
H16:05:02	177.607	17.441	23.882	19.549	13.121
H16:06:02	205.91	17.516	23.878	19.567	13.136
H16:07:02	250.53	17.653	23.874	19.57	13.186
H16:08:02	242.835	18.024	23.867	19.547	13.162
G16:09:02	181.715	17.816	23.861	19.235	13.157
G16:10:02	177.633	17.538	23.855	19.316	13.145
G16:11:02	181.877	17.499	23.848	19.178	13.154
H16:12:02	181.429	17.557	23.84	19.322	13.159
H16:13:02	178.905	17.607	23.835	19.472	13.16
H16:14:02	177.361	17.75	23.83	19.308	13.171
H16:15:02	185.932	17.753	23.824	19.25	13.174
H16:16:02	399.32	18.275	23.82	20.033	13.164
H16:17:02	412.693	18.512	23.817	20.153	13.142
H16:18:02	307.51	18.587	23.813	19.535	13.123
G16:19:02	230.371	17.923	23.812	19.56	13.099
G16:20:02	157.753	17.612	23.81	19.216	13.081
G16:21:02	148.858	17.491	23.807	19.27	13.078
G16:22:02	178.393	17.579	23.804	19.332	13.066
H16:23:02	164.631	17.612	23.798	19.346	13.061
H16:24:02	177.322	17.565	23.791	19.432	13.059
H16:25:02	183.363	17.615	23.787	19.497	13.059
H16:26:02	188.923	17.764	23.782	19.519	13.056
H16:27:02	195.794	17.587	23.779	19.496	13.052
H16:28:02	205.637	17.766	23.776	19.112	13.1
H16:29:02	238.358	17.885	23.773	19.271	13.142
G16:30:02	247.636	17.992	23.768	19.542	13.174
G16:31:02	183.603	17.78	23.765	19.245	13.162
G16:32:02	175.058	17.319	23.759	19.109	13.176
G16:33:02	130.048	17.266	23.754	18.734	13.162
G16:34:02	120.037	17.322	23.747	18.671	13.148
G16:35:02	119.154	17.28	23.739	18.569	13.148
G16:36:02	124.267	17.135	23.73	19.261	13.142
G16:37:02	134.006	17.026	23.721	19.248	13.142
G16:38:02	146.684	17.219	23.708	18.896	13.143
G16:39:02	157.922	17.285	23.695	19.356	13.162
G16:40:02	162.619	17.427	23.683	19.026	13.162
G16:41:02	162.632	17.59	23.67	19.108	13.174
G16:42:02	169.867	17.637	23.656	19.546	13.181
G16:43:02	363.835	18.178	23.644	20.188	13.181
G16:44:02	389.542	19.422	23.632	20.108	13.15
G16:45:02	345.499	19.748	23.62	19.833	13.128
G16:46:02	271.889	18.963	23.611	19.657	13.119
G16:47:02	236.061	18.868	23.602	19.587	13.083
G16:48:02	258.446	19.168	23.593	19.635	13.08
G16:49:02	326.936	19.098	23.586	19.892	13.093
G16:50:02	383.326	19.772	23.58	19.851	13.075
G16:51:02	228.664	19	23.576	19.327	13.059
G16:52:02	252.528	18.525	23.575	19.557	13.059
G16:53:02	271.312	18.952	23.573	19.54	13.057
G16:54:02	226.659	18.725	23.569	19.39	13.051
G16:55:02	245.917	18.742	23.567	19.527	13.042
G16:56:02	107.787	18.425	23.562	18.091	13.073
F16:57:02	97.152	18.011	23.557	18.504	13.097
F16:58:02	97.782	17.775	23.55	18.29	13.128
G16:59:02	113.172	17.64	23.542	18.367	13.148
G17:00:02	164.994	17.868	23.537	18.501	13.167
G17:01:02	157.143	18.087	23.529	18.952	13.164
G17:02:02	141.506	18.305	23.522	19.003	13.157
G17:03:02	155.534	18.715	23.514	18.788	13.148
G17:04:02	136.225	18.688	23.508	18.686	13.138
G17:05:02	204.028	18.536	23.499	19.435	13.152
G17:06:02	264.486	18.226	23.49	19.469	13.183
G17:07:02	280.525	18.218	23.482	19.404	13.183
G17:08:02	279.461	18.169	23.471	19.548	13.183
G17:09:02	278.099	18.319	23.464	19.557	13.169
G17:10:02	278.345	17.862	23.458	19.593	13.172
G17:11:02	277.664	17.263	23.451	19.762	13.162
G17:12:02	277.417	17.227	23.442	19.648	13.162
G17:13:02	277.56	17.33	23.437	19.722	13.181
G17:14:02	275.581	17.388	23.432	19.372	13.183
G17:15:02	270.17	17.51	23.426	19.697	13.154
G17:16:02	252.742	17.474	23.422	19.182	13.16
G17:17:02	136.679	17.507	23.416	18.736	13.131
F17:18:02	88.471	17.413	23.412	18.87	13.114
F17:19:02	75.332	17.352	23.406	18.794	13.088
F17:20:02	67.773	17.518	23.399	18.665	13.083
F17:21:02	65.041	17.313	23.393	18.454	13.08
F17:22:02	62.712	16.833	23.387	18.387	13.059
F17:23:02	61.103	16.659	23.378	18.412	13.059
F17:24:02	60.714	16.56	23.369	18.584	13.057
F17:25:02	60.539	16.555	23.36	18.553	13.051
F17:26:02	57.963	16.515	23.348	18.485	13.045
F17:27:02	55.809	16.442	23.345	18.442	13.052
F17:28:02	52.045	16.326	23.329	18.312	13.045
F17:29:02	48.568	16.223	23.31	18.18	13.051
F17:30:02	45.109	16.084	23.288	17.495	13.044
F17:31:02	42.183	16.166	23.265	16.879	13.061
F17:32:02	41.126	16.232	23.237	17.662	13.061
F17:33:02	41.353	16.379	23.207	17.504	13.061
F17:34:02	41.197	16.445	23.178	16.8	13.066
F17:35:02	39.75	16.56	23.149	17.015	13.063
F17:36:02	36.694	16.484	23.121	17.078	13.064
F17:37:02	33.151	16.331	23.091	16.182	13.063
F17:38:02	30.394	16.348	23.063	16.491	13.056
F17:39:02	27.824	16.314	23.031	16.421	13.042
F17:40:02	25.618	16.124	23	15.928	13.049
F17:41:02	24.081	16.112	22.969	15.228	13.056
E17:42:02	22.867	16.041	22.936	15.611	13.054
E17:43:02	21.693	15.901	22.901	15.378	13.044
E17:44:02	20.791	15.755	22.86	14.376	13.052
E17:45:02	20.058	15.778	22.818	14.128	13.061
E17:46:02	19.344	15.858	22.775	13.619	13.066
E17:47:02	18.416	15.993	22.731	13.508	13.059
E17:48:02	17.54	15.955	22.689	13.345	13.059
E17:49:02	16.801	15.887	22.644	13.337	13.049
E17:50:02	15.944	15.726	22.599	13.329	13.039
E17:51:02	15.412	15.738	22.554	13.323	13.037
E17:52:02	14.984	15.729	22.508	13.317	13.025
E17:53:02	14.361	15.666	22.463	13.313	13.018
E17:54:02	13.583	15.542	22.422	13.305	13.013
E17:55:02	12.739	15.473	22.379	13.298	13.004
E17:56:02	12.142	15.51	22.338	13.262	12.997
E17:57:02	11.993	15.582	22.296	13.033	12.997
E17:58:02	11.61	15.49	22.257	12.67	12.985
E17:59:02	11.338	15.513	22.217	12.305	12.98
E18:00:02	10.948	15.542	22.177	11.81	12.977
E18:01:02	10.527	15.513	22.139	11.22	12.977
E18:02:02	10.014	15.444	22.101	10.622	12.972
D18:03:02	9.462	15.47	22.065	10.028	12.96
C18:04:02	9.248	15.525	22.027	9.403	12.956
C18:05:02	8.814	15.493	21.988	8.712	12.956
C18:06:02	8.814	15.599	21.951	7.968	12.956
C18:07:02	8.703	15.504	21.91	7.223	12.951
C18:08:02	8.392	15.38	21.864	6.51	12.936
C18:09:02	7.938	15.368	21.812	5.713	12.936
C18:10:02	7.529	15.389	21.757	4.914	12.932
C18:11:02	7.308	15.484	21.705	4.162	12.92
C18:12:02	7.016	15.475	21.66	3.479	12.915
C18:13:02	6.718	15.452	21.616	2.889	12.915
C18:14:02	6.322	15.357	21.572	2.383	12.915
C18:15:02	6.03	15.27	21.531	1.928	12.915
C18:16:02	5.706	15.185	21.492	1.548	12.913
C18:17:02	5.485	15.273	21.455	1.204	12.896
C18:18:02	5.433	15.313	21.419	0.879	12.894
C18:19:02	5.401	15.348	21.385	0.606	12.894
C18:20:02	5.446	15.357	21.351	0.415	12.894
C18:21:02	5.602	15.429	21.317	0.287	12.894
C18:22:02	5.316	15.302	21.283	0.195	12.881
C18:23:02	5.089	15.232	21.25	0.104	12.874
C18:24:02	5.037	15.27	21.219	0.062	12.874
C18:25:02	5.187	15.357	21.188	0.04	12.874
C18:26:02	5.323	15.342	21.155	0.024	12.872
C18:27:02	5.284	15.307	21.125	0.015	12.864
C18:28:02	5.154	15.264	21.096	0.009	12.855
C18:29:02	5.167	15.238	21.068	0.007	12.851
C18:30:02	5.109	15.162	21.039	0.01	12.853
C18:31:02	4.914	15.078	21.009	0.015	12.85
C18:32:02	4.849	15.18	20.979	0.009	12.836
C18:33:02	4.752	15.22	20.951	0.01	12.833
C18:34:02	4.59	15.162	20.924	0.012	12.833
C18:35:02	4.901	15.04	20.899	0.003	12.833
C18:36:02	5.206	14.911	20.87	0.007	12.833
C18:37:02	5.245	14.949	20.84	0.009	12.833
C18:38:02	5.193	14.87	20.809	0.007	12.833
C18:39:02	5.479	14.814	20.777	0.007	12.827
C18:40:02	5.524	14.756	20.74	0.01	12.815
C18:41:02	5.167	14.712	20.702	0.008	12.812
C18:42:02	4.966	14.797	20.666	0.004	12.812
C18:43:02	4.674	14.65	20.629	0.007	12.812
C18:44:02	4.311	14.393	20.593	0.012	12.81
C18:45:02	4.032	14.146	20.561	0.007	12.803
C18:46:02	3.837	13.967	20.532	0.008	12.795
C18:47:02	3.772	14.051	20.502	0.006	12.791
C18:48:02	3.772	14.116	20.473	0.005	12.791
C18:49:02	3.798	13.976	20.445	0.01	12.791
C18:50:02	3.831	13.976	20.414	0.012	12.791
C18:51:02	4.058	14.072	20.385	0.005	12.79
C18:52:02	4.129	14.048	20.357	0.005	12.783
C18:53:02	4.032	13.988	20.328	0.015	12.773
C18:54:02	4.097	14	20.301	0.007	12.771
C18:55:02	4.642	14.182	20.274	0.012	12.771
C18:56:02	4.661	14.071	20.247	0.008	12.771
C18:57:02	4.668	13.91	20.219	0.01	12.764
C18:58:02	4.59	13.871	20.193	0.006	12.755
C18:59:02	4.518	13.802	20.168	0.012	12.75
C19:00:02	0	13.663	20.144	0.007	12.75
C19:01:02	0	13.697	20.119	0.008	12.75
C19:02:02	0	13.847	20.095	0.006	12.75
C19:03:02	0	13.919	20.07	0.007	12.75
C19:04:02	0	14.146	20.044	0.008	12.75
C19:05:02	0	14.155	20.018	0.008	12.742
C19:06:02	0	13.907	19.992	0.012	12.738
C19:07:02	0	13.76	19.966	0.012	12.731
C19:08:02	0	13.582	19.939	0.008	12.73
C19:09:02	0	13.527	19.913	0.012	12.73
C19:10:02	0	13.627	19.885	0.018	12.73
C19:11:02	0	13.691	19.857	0.01	12.728
C19:12:02	0	13.669	19.829	0.01	12.721
C19:13:02	0	13.817	19.804	0.016	12.716
C19:14:02	0	13.919	19.777	0.011	12.709
C19:15:02	0	13.889	19.745	0.004	12.709
C19:16:02	0	13.97	19.712	0.007	12.709
C19:17:02	0	13.925	19.679	0.009	12.709
C19:18:02	0	13.916	19.648	0.01	12.7
C19:19:02	0	13.85	19.618	0.013	12.69
C19:20:02	0	13.784	19.592	0.01	12.688
C19:21:02	0	13.672	19.565	0.004	12.692
C19:22:02	0	13.703	19.538	0.009	12.688
C19:23:02	0	13.754	19.507	0.005	12.688
C19:24:02	0	13.802	19.473	0.004	12.685
C19:25:02	0	13.772	19.44	0.01	12.68
C19:26:02	0	13.781	19.406	0.008	12.671
C19:27:02	0	13.853	19.367	0.005	12.668
C19:28:02	0	13.871	19.322	0.01	12.668
C19:29:02	0	13.904	19.273	0.007	12.668
C19:30:02	0	13.922	19.222	0.01	12.668
C19:31:02	0	13.925	19.172	0.012	12.668
C19:32:02	0	13.919	19.118	0.002	12.668
C19:33:02	0	13.88	19.068	0.002	12.666
C19:34:02	0	13.874	19.016	0.01	12.654
C19:35:02	0	13.877	18.966	0.012	12.654
C19:36:02	0	13.763	18.919	0.01	12.649
C19:37:02	0	13.724	18.876	0.004	12.647
C19:38:02	0	13.922	18.839	0.007	12.647
C19:39:02	0	13.883	18.806	0.002	12.647
C19:40:02	0	13.82	18.778	0.009	12.646
C19:41:02	0	13.781	18.755	0.008	12.637
C19:42:02	0	13.805	18.733	0.003	12.632
C19:43:02	0	13.859	18.711	0.004	12.634
C19:44:02	0	13.892	18.691	0.004	12.627
C19:45:02	0	13.865	18.672	0.007	12.627
C19:46:02	0	13.781	18.654	0.004	12.627
C19:47:02	0	13.784	18.636	0.006	12.627
C19:48:02	0	13.805	18.62	0.01	12.627
C19:49:02	0	13.991	18.608	0.012	12.622
C19:50:02	0	14.104	18.596	0.004	12.62
C19:51:02	0	14.086	18.585	0.005	12.61
C19:52:02	0	14.185	18.576	0.011	12.606
C19:53:02	0	14.098	18.567	0.003	12.606
C19:54:02	0	13.862	18.558	0.01	12.606
C19:55:02	0	13.841	18.55	0.005	12.606
C19:56:02	0	13.865	18.543	0.011	12.594
C19:57:02	0	13.772	18.535	0.008	12.589
C19:58:02	0	13.76	18.525	0.007	12.589
C19:59:02	0	13.751	18.518	0.009	12.586
C20:00:02	0	13.883	18.509	0.014	12.586
C20:01:02	0	14.012	18.503	0.009	12.586
C20:02:02	0	14.018	18.496	0.012	12.586
C20:03:02	0	14.06	18.489	0.012	12.586
C20:04:02	0	14.06	18.481	0.013	12.582
C20:05:02	0	14.039	18.475	0.013	12.577
C20:06:02	0	14.17	18.468	0.009	12.57
C20:07:02	0	14.227	18.461	0.005	12.567
C20:08:02	0	14.182	18.454	0.008	12.565
C20:09:02	0	14.003	18.449	0.007	12.565
C20:10:02	0	14	18.446	0.005	12.565
C20:11:02	0	13.925	18.441	0.01	12.565
C20:12:02	0	13.892	18.437	0.006	12.565
C20:13:02	0	13.868	18.433	0.012	12.563
C20:14:02	0	13.763	18.43	0.007	12.563
C20:15:02	0	13.663	18.426	0.007	12.555
C20:16:02	0	13.579	18.423	0.007	12.551
C20:17:02	0	13.564	18.419	0.014	12.544
C20:18:02	0	13.636	18.416	0.001	12.546
C20:19:02	0	13.606	18.414	0.007	12.544
C20:20:02	0	13.621	18.41	0.001	12.543
C20:21:02	0	13.645	18.406	0.009	12.541
C20:22:02	0	13.564	18.401	0.008	12.536
C20:23:02	0	13.506	18.396	0.006	12.534
C20:24:02	0	13.524	18.39	0.01	12.525
C20:25:02	0	13.509	18.384	0.01	12.525
C20:26:02	0	13.391	18.377	0.011	12.524
C20:27:02	0	13.434	18.37	0.004	12.524
C20:28:02	0	13.546	18.363	0.01	12.524
C20:29:02	0	13.482	18.356	0.006	12.522
C20:30:02	0	13.561	18.351	0.011	12.519
C20:31:02	0	13.727	18.344	0.012	12.515
C20:32:02	0	13.778	18.336	0.004	12.503
C20:33:02	0	13.518	18.329	0.013	12.507
C20:34:02	0	13.403	18.321	0.01	12.503
C20:35:02	0	13.315	18.313	0.012	12.503
C20:36:02	0	13.209	18.306	0.004	12.503
C20:37:02	0	13.08	18.299	0.018	12.503
C20:38:02	0	13.056	18.293	0.007	12.503
C20:39:02	0	12.97	18.285	0.011	12.5
C20:40:02	0	12.945	18.277	0.008	12.501
C20:41:02	0	12.967	18.27	0.01	12.493
C20:42:02	0	12.964	18.261	0.006	12.484
C20:43:02	0	13.263	18.255	0.007	12.483
C20:44:02	0	13.76	18.248	0.005	12.483
C20:45:02	0	13.979	18.241	0.009	12.483
C20:46:02	0	13.594	18.236	0.01	12.483
C20:47:02	0	13.276	18.228	0.009	12.483
C20:48:02	0	13.276	18.221	0.008	12.483
C20:49:02	0	13.288	18.213	0.004	12.479
C20:50:02	0	13.251	18.207	0.002	12.481
C20:51:02	0	13.3	18.199	0.004	12.474
C20:52:02	0	13.153	18.192	0.018	12.469
C20:53:02	0	12.961	18.185	0.007	12.465
C20:54:02	0	12.881	18.178	0.013	12.462
C20:55:02	0	13.022	18.172	0.011	12.462
C20:56:02	0	13.151	18.164	0.013	12.462
C20:57:02	0	13.421	18.156	0.005	12.462
C20:58:02	0	13.336	18.147	0.012	12.462
C20:59:02	0	13.141	18.139	0.009	12.462
C21:00:02	0	13.184	18.132	0.01	12.453
C21:01:02	0	13.037	18.125	0.01	12.457
C21:02:02	0	12.788	18.115	0.006	12.45
C21:03:02	0	12.668	18.105	0.006	12.443
C21:04:02	0	12.878	18.096	0.004	12.441
C21:05:02	0	13.05	18.087	0.009	12.441
C21:06:02	0	12.933	18.078	0.017	12.441
C21:07:02	0	12.736	18.07	0.01	12.44
C21:08:02	0	12.585	18.06	0.012	12.436
C21:09:02	0	12.684	18.05	0.007	12.428
C21:10:02	0	12.872	18.04	0.01	12.424
C21:11:02	0	12.856	18.031	0.011	12.422
C21:12:02	0	12.813	18.022	0.013	12.422
C21:13:02	0	13.086	18.011	0.015	12.421
C21:14:02	0	13.327	18	0.01	12.421
C21:15:02	0	13.187	17.987	0.002	12.421
C21:16:02	0	13.242	17.975	0.007	12.421
C21:17:02	0	13.254	17.965	0.009	12.421
C21:18:02	0	13.111	17.953	0.007	12.421
C21:19:02	0	12.964	17.939	0.01	12.421
C21:20:02	0	13.065	17.927	0.004	12.421
C21:21:02	0	13.144	17.918	0.012	12.419
C21:22:02	0	12.909	17.906	0.008	12.409
C21:23:02	0	12.767	17.895	0.015	12.407
C21:24:02	0	12.782	17.883	0.006	12.404
C21:25:02	0	12.844	17.874	0.004	12.402
C21:26:02	0	12.764	17.862	0.013	12.4
C21:27:02	0	12.739	17.851	0.012	12.4
C21:28:02	0	12.739	17.839	0.012	12.4
C21:29:02	0	13.108	17.829	0.005	12.4
C21:30:02	0	13.013	17.818	0.007	12.398
C21:31:02	0	12.955	17.807	0.009	12.398
C21:32:02	0	12.896	17.795	0.012	12.388
C21:33:02	0	13.074	17.784	0.012	12.395
C21:34:02	0	13.092	17.771	0.005	12.383
C21:35:02	0	13.056	17.759	0.004	12.381
C21:36:02	0	13.046	17.745	0.015	12.381
C21:37:02	0	13.488	17.735	0.009	12.38
C21:38:02	0	13.503	17.722	0.011	12.38
C21:39:02	0	13.123	17.709	0.011	12.378
C21:40:02	0	12.878	17.697	0.013	12.38
C21:41:02	0	12.792	17.685	0.009	12.38
C21:42:02	0	12.761	17.672	0.007	12.378
C21:43:02	0	12.69	17.659	0.005	12.373
C21:44:02	0	13.04	17.648	0.006	12.371
C21:45:02	0	13.427	17.635	0.014	12.364
C21:46:02	0	13.08	17.623	0.009	12.361
C21:47:02	0	13.001	17.609	0.004	12.359
C21:48:02	0	12.964	17.598	0.008	12.359
C21:49:02	0	12.991	17.587	0.01	12.359
C21:50:02	0	12.964	17.575	0.011	12.359
C21:51:02	0	12.779	17.564	0.009	12.357
C21:52:02	0	12.544	17.552	0.007	12.359
C21:53:02	0	12.386	17.539	0.007	12.359
C21:54:02	0	12.352	17.527	0.009	12.354
C21:55:02	0	12.432	17.515	0.012	12.35
C21:56:02	0	12.414	17.503	0.009	12.344
C21:57:02	0	12.464	17.491	0.007	12.347
C21:58:02	0	12.554	17.479	0.007	12.34
C21:59:02	0	12.541	17.466	0.004	12.342
C22:00:02	0	12.513	17.452	0.005	12.338
C22:01:02	0	12.581	17.439	0.01	12.338
C22:02:02	0	12.535	17.428	0.005	12.338
C22:03:02	0	12.464	17.416	0.007	12.338
C22:04:02	0	12.479	17.403	0.012	12.338
C22:05:02	0	12.417	17.389	0.01	12.338
C22:06:02	0	12.457	17.378	0.01	12.338
C22:07:02	0	12.519	17.369	0.011	12.337
C22:08:02	0	12.581	17.359	0.005	12.337
C22:09:02	0	12.538	17.348	0.009	12.337
C22:10:02	0	12.448	17.338	0.011	12.333
C22:11:02	0	12.392	17.326	0.007	12.337
C22:12:02	0	12.299	17.314	0.003	12.33
C22:13:02	0	12.336	17.303	0.012	12.325
C22:14:02	0	12.442	17.293	0.01	12.321
C22:15:02	0	12.417	17.283	0.011	12.32
C22:16:02	0	12.408	17.273	0.007	12.318
C22:17:02	0	12.529	17.262	0.007	12.318
C22:18:02	0	12.634	17.251	0.014	12.318
C22:19:02	0	12.893	17.241	0.01	12.318
C22:20:02	0	12.887	17.232	0.004	12.318
C22:21:02	0	12.671	17.222	0.007	12.318
C22:22:02	0	12.606	17.214	0.007	12.318
C22:23:02	0	12.643	17.205	0.006	12.318
C22:24:02	0	12.705	17.197	0.009	12.318
C22:25:02	0	12.563	17.189	0.007	12.318
C22:26:02	0	12.408	17.181	0.004	12.318
C22:27:02	0	12.417	17.173	0.007	12.316
C22:28:02	0	12.46	17.166	0.01	12.316
C22:29:02	0	12.519	17.158	0.008	12.318
C22:30:02	0	12.699	17.151	0.009	12.309
C22:31:02	0	12.958	17.144	0.012	12.302
C22:32:02	0	13.26	17.137	0.01	12.302
C22:33:02	0	13.436	17.132	0.015	12.301
C22:34:02	0	13.046	17.126	0.007	12.306
C22:35:02	0	12.945	17.121	0.008	12.301
C22:36:02	0	12.819	17.116	0.004	12.297
C22:37:02	0	12.702	17.11	0.01	12.299
C22:38:02	0	12.816	17.104	0.012	12.297
C22:39:02	0	12.964	17.098	0.008	12.297
C22:40:02	0	12.915	17.094	0.013	12.297
C22:41:02	0	12.887	17.089	0.01	12.297
C22:42:02	0	13.047	17.084	0.009	12.297
C22:43:02	0	13.376	17.081	0.007	12.297
C22:44:02	0	13.579	17.076	0.011	12.297
C22:45:02	0	13.367	17.071	0.007	12.297
C22:46:02	0	13.037	17.066	0.01	12.297
C22:47:02	0	12.832	17.061	0.006	12.297
C22:48:02	0	12.767	17.057	0.007	12.297
C22:49:02	0	12.77	17.051	0.012	12.297
C22:50:02	0	12.801	17.046	0.001	12.297
C22:51:02	0	12.788	17.042	0.005	12.297
C22:52:02	0	12.779	17.036	0.015	12.297
C22:53:02	0	12.748	17.031	0.007	12.297
C22:54:02	0	12.708	17.025	0.004	12.296
C22:55:02	0	12.581	17.02	0.01	12.297
C22:56:02	0	12.591	17.016	0.009	12.296
C22:57:02	0	12.594	17.011	0.012	12.296
C22:58:02	0	12.606	17.008	0.006	12.289
C22:59:02	0	12.748	17.003	0.009	12.292
C23:00:02	0	12.73	17	0.005	12.292
C23:01:02	0	12.65	16.996	0.01	12.292
C23:02:02	0	12.606	16.993	0.017	12.29
C23:03:02	0	12.516	16.989	0.011	12.292
C23:04:02	0	12.516	16.986	0.021	12.289
C23:05:02	0	12.513	16.983	0.015	12.282
C23:06:02	0	12.501	16.98	0.013	12.282
C23:07:02	0	12.575	16.977	0.005	12.285
C23:08:02	0	12.838	16.975	0.01	12.282
C23:09:02	0	13.037	16.972	0.011	12.28
C23:10:02	0	12.982	16.971	0.01	12.282
C23:11:02	0	12.924	16.968	0.012	12.282
C23:12:02	0	13.007	16.966	0.007	12.278
C23:13:02	0	12.998	16.964	0.01	12.282
C23:14:02	0	13.025	16.962	0.009	12.282
C23:15:02	0	13.224	16.959	0.008	12.28
C23:16:02	0	13.315	16.959	0.006	12.282
C23:17:02	0	13.108	16.958	0.011	12.278
C23:18:02	0	13.102	16.956	0.01	12.278
C23:19:02	0	13.028	16.956	0.007	12.278
C23:20:02	0	12.921	16.957	0.01	12.28
C23:21:02	0	12.85	16.957	0.009	12.278
C23:22:02	0	12.985	16.957	0.004	12.277
C23:23:02	0	13.178	16.957	0.007	12.28
C23:24:02	0	13.382	16.958	0.01	12.28
C23:25:02	0	13.485	16.958	0.007	12.28
C23:26:02	0	13.518	16.958	0.008	12.28
C23:27:02	0	13.455	16.958	0.006	12.28
C23:28:02	0	13.4	16.958	0.011	12.278
C23:29:02	0	13.26	16.958	0.011	12.277
C23:30:02	0	13.202	16.957	0.006	12.277
C23:31:02	0	13.288	16.956	0.008	12.28
C23:32:02	0	13.57	16.955	0.007	12.278
C23:33:02	0	13.669	16.955	0.011	12.28
C23:34:02	0	13.663	16.955	0.016	12.277
C23:35:02	0	13.697	16.957	0.004	12.278
C23:36:02	0	13.724	16.958	0.012	12.28
C23:37:02	0	13.681	16.959	0.012	12.278
C23:38:02	0	13.506	16.959	0.008	12.278
C23:39:02	0	13.379	16.959	0.008	12.28
C23:40:02	0	13.294	16.959	0.006	12.278
C23:41:02	0	13.154	16.959	0.006	12.278
C23:42:02	0	13.175	16.959	0.014	12.277
C23:43:02	0	13.163	16.959	0.004	12.277
C23:44:02	0	13.221	16.961	0.017	12.278
C23:45:02	0	13.123	16.962	0.009	12.277
C23:46:02	0	13.16	16.963	0.004	12.28
C23:47:02	0	13.345	16.965	0.01	12.277
C23:48:02	0	13.645	16.966	0.014	12.278
C23:49:02	0	13.901	16.967	0.007	12.278
C23:50:02	0	13.681	16.968	0.005	12.278
C23:51:02	0	13.497	16.971	0.005	12.278
C23:52:02	0	13.727	16.972	0.014	12.28
C23:53:02	0	13.892	16.974	0.01	12.277
C23:54:02	0	13.925	16.976	0.01	12.28
C23:55:02	0	13.862	16.978	0.014	12.277
C23:56:02	0	13.928	16.979	0.012	12.282
C23:57:02	0	13.943	16.981	0.013	12.278
C23:58:02	0	13.985	16.982	0.007	12.28
C23:59:02	0	14.033	16.983	0.009	12.277
