C00:00:08	0	13.751	17.22	0.009	12.289
C00:01:08	0	13.781	17.219	0.013	12.29
C00:02:08	0	13.727	17.218	0.008	12.29
C00:03:08	0	13.709	17.215	0.007	12.289
C00:04:08	0	13.748	17.214	0.01	12.296
C00:05:08	0	13.838	17.213	0.01	12.29
C00:06:08	0	13.871	17.21	0.011	12.296
C00:07:08	0	13.829	17.209	0.011	12.292
C00:08:08	0	13.835	17.207	0.008	12.292
C00:09:08	0	13.808	17.204	0.01	12.292
C00:10:08	0	13.781	17.202	0.009	12.287
C00:11:08	0	13.675	17.199	0.002	12.287
C00:12:08	0	13.506	17.196	0.009	12.294
C00:13:08	0	13.4	17.194	0.011	12.292
C00:14:08	0	13.403	17.192	0.004	12.296
C00:15:08	0	13.488	17.189	0.012	12.292
C00:16:08	0	13.624	17.187	0.004	12.29
C00:17:08	0	13.871	17.185	0.008	12.294
C00:18:08	0	13.925	17.183	0.007	12.29
C00:19:08	0	13.931	17.18	0.008	12.287
C00:20:08	0	13.961	17.176	0.008	12.292
C00:21:08	0	13.901	17.173	0.01	12.29
C00:22:08	0	13.787	17.17	0.009	12.29
C00:23:08	0	13.823	17.167	0.006	12.283
C00:24:08	0	13.922	17.164	0.018	12.29
C00:25:08	0	13.916	17.162	0.006	12.294
C00:26:08	0	13.865	17.161	0.015	12.287
C00:27:08	0	13.868	17.161	0.004	12.292
C00:28:08	0	13.919	17.159	0.011	12.289
C00:29:08	0	13.835	17.157	0.012	12.29
C00:30:08	0	13.636	17.156	0.015	12.287
C00:31:08	0	13.534	17.156	0.01	12.289
C00:32:08	0	13.558	17.156	0.01	12.292
C00:33:08	0	13.621	17.155	0.007	12.289
C00:34:08	0	13.757	17.154	0.013	12.285
C00:35:08	0	13.88	17.153	0.012	12.287
C00:36:09	0	13.787	17.152	0.008	12.287
C00:37:08	0	13.82	17.15	0.006	12.29
C00:38:08	0	13.742	17.148	0.008	12.289
C00:39:08	0	13.796	17.145	0.013	12.287
C00:40:08	0	13.739	17.142	0.01	12.292
C00:41:08	0	13.642	17.139	0.01	12.289
C00:42:08	0	13.66	17.137	0.02	12.289
C00:43:08	0	13.669	17.135	0.013	12.282
C00:44:08	0	13.745	17.133	0.011	12.283
C00:45:08	0	13.754	17.132	0.006	12.287
C00:46:08	0	13.787	17.13	0.007	12.283
C00:47:08	0	13.871	17.126	0.01	12.285
C00:48:08	0	13.844	17.125	0.011	12.282
C00:49:08	0	13.721	17.123	0.013	12.283
C00:50:08	0	13.688	17.121	0.006	12.283
C00:51:08	0	13.669	17.119	0.005	12.29
C00:52:08	0	13.694	17.116	0.008	12.287
C00:53:08	0	13.745	17.111	0.012	12.287
C00:54:08	0	13.7	17.106	0.007	12.28
C00:55:08	0	13.678	17.099	0.005	12.283
C00:56:08	0	13.669	17.092	0.02	12.285
C00:57:08	0	13.7	17.085	0.013	12.285
C00:58:08	0	13.642	17.079	0.015	12.283
C00:59:08	0	13.615	17.072	0.006	12.283
C01:00:08	0	13.585	17.066	0.003	12.289
C01:01:08	0	13.588	17.059	0.013	12.282
C01:02:08	0	13.476	17.05	0.009	12.28
C01:03:08	0	13.3	17.039	0.011	12.282
C01:04:08	0	13.196	17.028	0.01	12.282
C01:05:08	0	13.129	17.015	0.01	12.285
C01:06:08	0	13.086	17.001	0.013	12.28
C01:07:08	0	13.135	16.987	0.012	12.277
C01:08:08	0	13.257	16.973	0.013	12.28
C01:09:08	0	13.364	16.958	0.008	12.278
C01:10:08	0	13.44	16.945	0.012	12.277
C01:11:08	0	13.446	16.934	0.009	12.277
C01:12:08	0	13.531	16.927	0.008	12.28
C01:13:08	0	13.597	16.921	0.011	12.277
C01:14:08	0	13.745	16.916	0.004	12.278
C01:15:08	0	13.666	16.912	0.003	12.278
C01:16:08	0	13.57	16.909	0.007	12.282
C01:17:08	0	13.479	16.904	0.007	12.278
C01:18:08	0	13.342	16.901	0.01	12.278
C01:19:08	0	13.16	16.898	0.01	12.28
C01:20:08	0	13.004	16.893	0.006	12.28
C01:21:08	0	12.93	16.888	0.015	12.278
C01:22:08	0	12.878	16.881	0.015	12.277
C01:23:08	0	12.853	16.875	0.008	12.278
C01:24:08	0	12.924	16.868	0.011	12.282
C01:25:08	0	13.001	16.861	0.008	12.277
C01:26:08	0	12.973	16.855	0.005	12.277
C01:27:08	0	12.841	16.85	0.008	12.277
C01:28:08	0	12.825	16.845	0.01	12.277
C01:29:08	0	13.028	16.839	0.011	12.277
C01:30:08	0	13.154	16.834	0.007	12.277
C01:31:08	0	13.242	16.828	0.003	12.277
C01:32:08	0	13.461	16.822	0.002	12.277
C01:33:08	0	13.524	16.815	0.007	12.277
C01:34:08	0	13.476	16.809	0.01	12.277
C01:35:08	0	13.509	16.801	0.014	12.277
C01:36:08	0	13.591	16.793	0.009	12.277
C01:37:08	0	13.527	16.784	0.013	12.277
C01:38:08	0	13.567	16.777	0.005	12.277
C01:39:08	0	13.669	16.772	0.013	12.277
C01:40:08	0	13.766	16.769	0.007	12.277
C01:41:08	0	13.838	16.766	0.011	12.277
C01:42:08	0	13.865	16.765	0.011	12.277
C01:43:08	0	13.79	16.765	0.009	12.277
C01:44:08	0	13.691	16.762	0.007	12.277
C01:45:08	0	13.718	16.761	0.015	12.277
C01:46:08	0	13.724	16.758	0.008	12.277
C01:47:08	0	13.703	16.756	0.008	12.277
C01:48:08	0	13.66	16.753	0.01	12.277
C01:49:08	0	13.651	16.753	0.006	12.277
C01:50:08	0	13.642	16.753	0.009	12.277
C01:51:08	0	13.627	16.753	0.007	12.275
C01:52:08	0	13.546	16.753	0.015	12.275
C01:53:08	0	13.315	16.755	0.017	12.277
C01:54:08	0	13.187	16.756	0.014	12.275
C01:55:08	0	13.236	16.757	0.011	12.277
C01:56:08	0	13.315	16.757	0.01	12.273
C01:57:08	0	13.449	16.756	0.008	12.277
C01:58:08	0	13.345	16.755	0.01	12.275
C01:59:08	0	13.187	16.753	0.007	12.277
C02:00:08	0	12.967	16.752	0.01	12.275
C02:01:08	0	12.936	16.748	0.009	12.275
C02:02:08	0	12.936	16.743	0.01	12.275
C02:03:08	0	12.912	16.738	0.009	12.277
C02:04:08	0	12.819	16.733	0.015	12.277
C02:05:08	0	12.656	16.727	0.016	12.277
C02:06:08	0	12.519	16.72	0.014	12.27
C02:07:08	0	12.581	16.714	0.01	12.273
C02:08:08	0	12.485	16.707	0.009	12.271
C02:09:08	0	12.454	16.698	0.01	12.271
C02:10:08	0	12.439	16.687	0.001	12.27
C02:11:08	0	12.389	16.677	0.008	12.27
C02:12:08	0	12.538	16.667	0.012	12.27
C02:13:08	0	12.625	16.658	0.006	12.268
C02:14:08	0	12.905	16.65	0.003	12.268
C02:15:08	0	12.93	16.641	0.003	12.265
C02:16:08	0	12.958	16.633	0.005	12.266
C02:17:08	0	12.998	16.622	0.019	12.27
C02:18:08	0	13.016	16.613	0.011	12.265
C02:19:08	0	13.086	16.603	0.017	12.263
C02:20:08	0	13.275	16.59	0.012	12.27
C02:21:08	0	13.497	16.577	0.007	12.265
C02:22:08	0	13.339	16.564	0.015	12.261
C02:23:08	0	12.979	16.552	0.003	12.263
C02:24:08	0	12.668	16.542	0.012	12.263
C02:25:08	0	12.65	16.532	0.004	12.265
C02:26:08	0	12.714	16.523	0.01	12.259
C02:27:08	0	12.813	16.513	0.004	12.259
C02:28:08	0	12.945	16.502	0.009	12.259
C02:29:08	0	13.236	16.491	0.002	12.259
C02:30:08	0	13.233	16.476	0.002	12.259
C02:31:08	0	12.994	16.459	0.009	12.259
C02:32:08	0	12.835	16.443	0.007	12.259
C02:33:08	0	12.68	16.43	0.012	12.258
C02:34:08	0	12.554	16.417	0.007	12.263
C02:35:08	0	12.6	16.406	0.016	12.265
C02:36:08	0	12.788	16.395	0.016	12.259
C02:37:08	0	13.034	16.383	0.007	12.258
C02:38:08	0	13.059	16.37	0.017	12.258
C02:39:08	0	13.04	16.357	0.004	12.256
C02:40:08	0	13.105	16.344	0.008	12.258
C02:41:08	0	13.083	16.33	0.011	12.259
C02:42:08	0	12.869	16.317	0.007	12.256
C02:43:08	0	13.001	16.301	0.004	12.256
C02:44:08	0	13.272	16.283	0.006	12.258
C02:45:08	0	13.473	16.263	0.009	12.259
C02:46:08	0	13.531	16.243	0.009	12.256
C02:47:08	0	13.518	16.229	0.007	12.256
C02:48:09	0	13.515	16.215	0.016	12.256
C02:49:08	0	13.509	16.203	0.008	12.256
C02:50:08	0	13.515	16.193	0.008	12.258
C02:51:08	0	13.443	16.185	0.007	12.256
C02:52:08	0	13.443	16.178	0.006	12.258
C02:53:08	0	13.488	16.173	0.007	12.258
C02:54:08	0	13.491	16.17	0.007	12.256
C02:55:08	0	13.515	16.167	0.012	12.258
C02:56:08	0	13.534	16.165	0.01	12.256
C02:57:08	0	13.567	16.162	0.01	12.256
C02:58:09	0	13.521	16.161	0.012	12.256
C02:59:08	0	13.543	16.16	0.005	12.256
C03:00:08	0	13.564	16.159	0.004	12.256
C03:01:08	0	13.573	16.158	0.009	12.256
C03:02:08	0	13.527	16.157	0.006	12.256
C03:03:08	0	13.418	16.157	0.007	12.256
C03:04:08	0	13.449	16.157	0.014	12.256
C03:05:08	0	13.355	16.157	0.012	12.256
C03:06:08	0	13.212	16.158	0.008	12.256
C03:07:08	0	13.221	16.159	0.009	12.256
C03:08:08	0	13.403	16.16	0.01	12.256
C03:09:08	0	13.603	16.161	0.005	12.256
C03:10:08	0	13.57	16.162	0.013	12.256
C03:11:08	0	13.618	16.162	0.011	12.256
C03:12:08	0	13.564	16.162	0.009	12.256
C03:13:08	0	13.424	16.162	0.004	12.256
C03:14:08	0	13.44	16.16	0.01	12.256
C03:15:08	0	13.467	16.16	0.012	12.256
C03:16:08	0	13.342	16.159	0.01	12.254
C03:17:08	0	13.212	16.16	0.01	12.256
C03:18:08	0	13.178	16.161	0.007	12.256
C03:19:08	0	13.33	16.162	0.007	12.256
C03:20:08	0	13.333	16.162	0.011	12.256
C03:21:08	0	13.257	16.162	0.015	12.256
C03:22:08	0	13.312	16.165	0.01	12.256
C03:23:08	0	13.403	16.167	0.006	12.256
C03:24:08	0	13.324	16.168	0.005	12.256
C03:25:08	0	13.297	16.168	0.015	12.256
C03:26:08	0	13.269	16.167	0.002	12.256
C03:27:08	0	13.251	16.166	0.003	12.256
C03:28:08	0	13.227	16.165	0.001	12.256
C03:29:08	0	13.285	16.166	0.013	12.256
C03:30:08	0	13.385	16.167	0.005	12.256
C03:31:08	0	13.342	16.166	0.014	12.254
C03:32:08	0	13.227	16.164	0.01	12.256
C03:33:08	0	13.224	16.162	0.01	12.251
C03:34:08	0	13.272	16.16	0.004	12.256
C03:35:08	0	13.285	16.156	0.019	12.254
C03:36:08	0	13.352	16.15	0.01	12.253
C03:37:08	0	13.5	16.147	0.007	12.251
C03:38:08	0	13.521	16.144	0.006	12.251
C03:39:08	0	13.524	16.142	0.013	12.254
C03:40:08	0	13.446	16.144	0.005	12.254
C03:41:08	0	13.409	16.144	0.013	12.254
C03:42:08	0	13.364	16.144	0.005	12.251
C03:43:08	0	13.291	16.145	0.01	12.247
C03:44:08	0	13.224	16.145	0.007	12.251
C03:45:08	0	13.19	16.148	0.003	12.251
C03:46:08	0	13.147	16.149	0.014	12.251
C03:47:08	0	13.089	16.152	0.007	12.246
C03:48:08	0	13.099	16.155	0.006	12.247
C03:49:08	0	13.132	16.157	0.01	12.251
C03:50:08	0	13.245	16.157	0.011	12.239
C03:51:08	0	13.391	16.158	0.008	12.242
C03:52:08	0	13.476	16.161	0.001	12.244
C03:53:08	0	13.47	16.164	0.004	12.242
C03:54:08	0	13.458	16.166	0.015	12.246
C03:55:08	0	13.485	16.168	0.012	12.246
C03:56:08	0	13.397	16.169	0.012	12.244
C03:57:08	0	13.239	16.172	0.012	12.242
C03:58:08	0	13.291	16.172	0.01	12.239
C03:59:08	0	13.221	16.172	0.004	12.237
C04:00:08	0	13.132	16.17	0.002	12.237
C04:01:08	0	13.144	16.167	0.012	12.239
C04:02:08	0	13.248	16.161	0.009	12.242
C04:03:08	0	13.221	16.155	0.009	12.235
C04:04:08	0	13.181	16.149	0.017	12.235
C04:05:08	0	13.196	16.146	0.006	12.241
C04:06:08	0	13.282	16.143	0.008	12.235
C04:07:08	0	13.312	16.141	0.01	12.239
C04:08:08	0	13.318	16.141	0.005	12.235
C04:09:08	0	13.242	16.142	0.005	12.235
C04:10:08	0	13.068	16.145	0.003	12.235
C04:11:08	0	12.976	16.145	0.009	12.235
C04:12:08	0	12.918	16.142	0.004	12.235
C04:13:08	0	12.967	16.138	0.007	12.235
C04:14:08	0	12.994	16.132	0.01	12.235
C04:15:08	0	13.01	16.127	0.012	12.235
C04:16:08	0	13.037	16.12	0.006	12.235
C04:17:08	0	13.129	16.112	0.01	12.235
C04:18:08	0	13.086	16.104	0.005	12.235
C04:19:08	0	13.053	16.096	0.012	12.235
C04:20:08	0	13.083	16.088	0.01	12.235
C04:21:08	0	12.921	16.078	0.01	12.235
C04:22:08	0	12.73	16.068	0.01	12.235
C04:23:08	0	12.588	16.059	0.01	12.235
C04:24:08	0	12.523	16.05	0.009	12.235
C04:25:08	0	12.464	16.044	0.006	12.235
C04:26:08	0	12.488	16.04	0.006	12.235
C04:27:08	0	12.674	16.037	0.009	12.235
C04:28:08	0	12.751	16.034	0.006	12.235
C04:29:08	0	12.628	16.031	0.006	12.234
C04:30:08	0	12.566	16.027	0.009	12.235
C04:31:08	0	12.535	16.019	0.016	12.235
C04:32:08	0	12.612	16.01	0.008	12.235
C04:33:08	0	12.631	15.999	0.013	12.235
C04:34:08	0	12.612	15.986	0.002	12.235
C04:35:08	0	12.603	15.974	0.004	12.235
C04:36:08	0	12.612	15.962	0.007	12.234
C04:37:08	0	12.665	15.95	0.011	12.235
C04:38:08	0	12.714	15.94	0.006	12.235
C04:39:08	0	12.622	15.934	0.007	12.232
C04:40:08	0	12.495	15.929	0.007	12.234
C04:41:08	0	12.464	15.925	0.004	12.235
C04:42:08	0	12.401	15.918	0.005	12.235
C04:43:08	0	12.311	15.908	0.004	12.232
C04:44:08	0	12.195	15.897	0.002	12.234
C04:45:08	0	12.211	15.887	0.013	12.234
C04:46:08	0	12.139	15.877	0.015	12.23
C04:47:08	0	12.177	15.867	0.007	12.232
C04:48:08	0	12.155	15.857	0.008	12.227
C04:49:08	0	12.183	15.845	0.01	12.223
C04:50:08	0	12.167	15.834	0.006	12.225
C04:51:08	0	12.183	15.822	0.01	12.223
C04:52:08	0	12.117	15.809	0.009	12.229
C04:53:08	0	12.101	15.796	0.012	12.223
C04:54:08	0	12.155	15.785	0.011	12.218
C04:55:08	0	12.211	15.775	0.013	12.223
C04:56:08	0	12.205	15.768	0.005	12.223
C04:57:08	0	12.186	15.764	0.007	12.22
C04:58:08	0	12.249	15.761	0.012	12.215
C04:59:08	0	12.317	15.761	0.01	12.217
C05:00:08	7.542	12.32	15.762	0.004	12.215
C05:01:08	7.892	12.482	15.764	0.006	12.215
C05:02:08	8.139	12.485	15.762	0.005	12.217
C05:03:08	8.217	12.488	15.759	0.007	12.215
C05:04:08	8.171	12.401	15.754	0.004	12.215
C05:05:08	8.204	12.395	15.746	0.012	12.215
C05:06:08	8.379	12.46	15.739	0.008	12.215
C05:07:08	8.379	12.442	15.731	0.009	12.215
C05:08:08	8.346	12.429	15.723	0.009	12.215
C05:09:08	8.029	12.345	15.716	0.007	12.215
C05:10:08	7.393	12.255	15.709	0.002	12.215
C05:11:08	6.919	12.298	15.701	0.005	12.213
C05:12:08	6.614	12.277	15.693	0.007	12.215
C05:13:08	6.445	12.314	15.684	0.01	12.215
C05:14:08	6.536	12.32	15.674	0.01	12.215
C05:15:08	6.588	12.158	15.664	0.008	12.215
C05:16:08	6.64	12.164	15.653	0.011	12.215
C05:17:08	6.621	12.152	15.643	0.007	12.215
C05:18:08	6.705	12.239	15.631	0.001	12.215
C05:19:08	6.88	12.295	15.621	0.008	12.211
C05:20:08	7.01	12.339	15.611	0.014	12.211
C05:21:08	6.977	12.364	15.599	0.007	12.215
C05:22:08	6.984	12.386	15.586	0.01	12.211
C05:23:08	7.23	12.526	15.575	0.001	12.213
C05:24:08	7.419	12.482	15.563	0.007	12.21
C05:25:08	7.516	12.476	15.551	0.014	12.213
C05:26:08	7.613	12.529	15.54	0.004	12.213
C05:27:08	7.484	12.42	15.527	0.012	12.208
C05:28:08	7.438	12.327	15.514	0.017	12.208
C05:29:08	7.548	12.217	15.501	0.018	12.205
C05:30:08	7.607	12.298	15.489	0.021	12.205
C05:31:08	7.698	12.432	15.477	0.022	12.201
C05:32:08	7.73	12.572	15.464	0.045	12.205
C05:33:08	7.951	12.68	15.451	0.092	12.203
C05:34:08	8.152	12.668	15.441	0.132	12.203
C05:35:08	8.321	12.504	15.429	0.25	12.199
C05:36:08	8.612	12.42	15.418	0.371	12.196
C05:37:08	8.956	12.333	15.407	0.568	12.199
C05:38:08	9.138	12.202	15.397	0.822	12.201
C05:39:08	9.313	12.17	15.384	1.118	12.201
C05:40:08	9.495	12.195	15.371	1.397	12.194
C05:41:08	9.703	12.164	15.361	1.72	12.194
C05:42:08	9.897	12.183	15.351	2.099	12.194
D05:43:08	10.144	12.236	15.342	2.659	12.196
D05:44:08	10.436	12.264	15.333	3.661	12.196
D05:45:08	10.806	12.355	15.324	4.869	12.194
D05:46:08	10.857	12.267	15.314	5.442	12.194
D05:47:08	10.812	12.27	15.305	5.288	12.194
D05:48:08	10.78	12.299	15.296	5.206	12.194
D05:49:08	10.903	12.295	15.289	5.575	12.194
D05:50:08	11.299	12.454	15.283	6.203	12.194
D05:51:08	11.662	12.554	15.278	6.882	12.194
D05:52:08	11.883	12.554	15.273	7.334	12.194
D05:53:08	11.883	12.451	15.268	7.549	12.193
D05:54:08	11.798	12.33	15.267	7.912	12.194
D05:55:08	12.006	12.264	15.268	8.444	12.194
D05:56:08	12.201	12.211	15.273	9.067	12.194
E05:57:08	12.629	12.233	15.279	10.001	12.194
E05:58:08	13.336	12.376	15.286	11.103	12.194
E05:59:08	14.497	12.498	15.294	12.267	12.194
E06:00:08	15.613	12.693	15.302	12.477	12.194
E06:01:08	16.69	12.776	15.308	12.483	12.201
E06:02:08	17.43	12.779	15.312	12.489	12.213
E06:03:08	17.813	12.659	15.316	12.497	12.215
E06:04:08	18.689	12.606	15.318	12.5	12.223
E06:05:08	19.662	12.616	15.32	12.506	12.23
E06:06:08	20.194	12.547	15.322	12.515	12.235
E06:07:08	20.856	12.46	15.325	12.521	12.237
E06:08:08	21.148	12.423	15.33	12.529	12.256
F06:09:08	21.459	12.442	15.338	12.539	12.256
F06:10:08	25.398	12.495	15.345	12.56	12.282
F06:11:08	28.603	12.516	15.355	12.579	12.306
F06:12:08	29.161	12.526	15.365	12.606	12.318
F06:13:08	27.623	12.563	15.375	12.617	12.338
F06:14:08	27.221	12.609	15.388	12.625	12.338
F06:15:08	27.876	12.569	15.4	12.637	12.354
F06:16:08	28.389	12.519	15.411	12.651	12.362
F06:17:08	27.163	12.535	15.423	12.655	12.38
F06:18:08	25.975	12.751	15.436	12.662	12.38
F06:19:08	26.682	12.93	15.449	12.669	12.388
F06:20:08	27.636	12.961	15.461	12.681	12.4
F06:21:08	28.746	12.767	15.472	12.696	12.419
F06:22:08	29.92	12.702	15.484	12.708	12.426
F06:23:08	30.53	12.6	15.496	12.724	12.443
F06:24:08	32.327	12.622	15.508	12.746	12.464
F06:25:08	34.131	12.718	15.522	12.763	12.484
F06:26:08	36.052	12.85	15.535	12.784	12.508
F06:27:08	37.862	12.927	15.547	12.813	12.534
F06:28:08	40.094	12.991	15.561	12.851	12.57
F06:29:08	43.857	13.001	15.573	12.901	12.615
F06:30:08	47.938	13.025	15.586	12.962	12.68
F06:31:08	46.375	13.065	15.599	13.009	12.728
F06:32:08	43.208	13.08	15.612	13.026	12.749
F06:33:08	41.521	13.031	15.625	13.05	12.762
F06:34:08	44.194	12.994	15.64	13.115	12.831
F06:35:08	48.743	13.028	15.655	13.269	12.982
F06:36:08	52.921	12.945	15.671	14.254	13.256
F06:37:08	67.241	12.952	15.687	15.711	13.356
F06:38:08	80.484	13.031	15.702	16.998	13.315
F06:39:08	73.775	13.108	15.718	18.184	13.268
F06:40:08	62.297	13.123	15.734	15.745	13.253
F06:41:08	57.327	13.172	15.75	15.876	13.258
F06:42:08	61.622	13.257	15.765	14.349	13.361
F06:43:08	66.216	13.446	15.78	17.499	13.313
F06:44:08	68.02	13.251	15.796	16.437	13.311
F06:45:08	76.208	13.224	15.814	16.634	13.356
F06:46:08	83.806	13.263	15.831	16.872	13.334
F06:47:08	80.354	13.117	15.849	16.917	13.25
F06:48:08	81.295	13.154	15.866	18.275	13.231
F06:49:08	83.06	13.367	15.884	17.723	13.258
F06:50:08	86.09	13.485	15.902	17.601	13.33
F06:51:08	85.713	13.582	15.921	18.845	13.347
F06:52:08	80.847	13.666	15.939	18.501	13.332
F06:53:08	82.553	13.772	15.957	17.726	13.318
F06:54:09	83.728	13.694	15.977	18.05	13.329
F06:55:08	77.564	13.591	15.998	18.332	13.253
F06:56:08	74.605	13.506	16.018	17.076	13.253
F06:57:08	74.664	13.66	16.035	18.314	13.315
F06:58:08	79.939	13.763	16.054	17.404	13.339
F06:59:08	95.66	13.814	16.074	18.419	13.322
G07:00:08	102.849	13.775	16.094	18.376	13.305
F07:01:08	96.75	13.624	16.114	18.526	13.267
F07:02:08	92.435	13.555	16.133	18.932	13.224
F07:03:08	79.9	13.582	16.151	16.684	13.244
F07:04:08	75.708	13.624	16.172	17.962	13.231
F07:05:08	82.372	13.715	16.192	17.937	13.289
F07:06:08	98.917	13.814	16.212	19.634	13.332
G07:07:08	100.623	13.895	16.231	19.714	13.296
G07:08:08	101.798	13.856	16.249	19.174	13.306
F07:09:08	97.587	13.973	16.27	18.527	13.294
F07:10:08	95.9	14.045	16.29	18.565	13.268
G07:11:08	103.154	14.11	16.31	19.363	13.286
G07:12:08	117.526	14.176	16.331	19.516	13.311
G07:13:08	121.354	14.176	16.353	18.983	13.251
G07:14:08	116.552	14.229	16.372	18.954	13.286
G07:15:08	117.584	14.152	16.393	18.897	13.293
G07:16:08	111.199	14.11	16.415	18.793	13.255
G07:17:08	100.896	14.104	16.437	18.954	13.281
F07:18:08	97.788	13.973	16.458	18.174	13.265
G07:19:08	109.811	14.066	16.481	19.516	13.286
G07:20:08	124.28	14.045	16.501	19.124	13.301
G07:21:08	119.083	13.973	16.524	18.966	13.275
G07:22:08	114.178	14.048	16.545	18.926	13.238
G07:23:08	127.518	14.134	16.565	19.11	13.236
G07:24:08	125.331	14.206	16.587	19.32	13.219
G07:25:08	116.961	14.339	16.61	19.055	13.296
G07:26:08	108.28	14.289	16.634	19.456	13.303
G07:27:08	106.372	14.227	16.657	18.9	13.268
G07:28:08	118.713	14.238	16.679	19.521	13.311
G07:29:08	117.707	14.333	16.703	19.545	13.255
G07:30:08	113.269	14.514	16.727	18.952	13.272
G07:31:08	117.253	14.609	16.752	19.695	13.322
G07:32:08	126.823	14.764	16.777	19.093	13.306
G07:33:08	125.642	14.744	16.803	19.606	13.27
G07:34:08	124.695	14.7	16.826	18.672	13.243
G07:35:08	114.145	14.723	16.851	19.184	13.203
G07:36:08	109.564	14.609	16.875	19.13	13.255
G07:37:08	117.247	14.576	16.899	18.828	13.208
G07:38:08	128.977	14.582	16.924	19.288	13.19
G07:39:08	113.503	14.729	16.948	18.941	13.222
G07:40:08	100.098	14.923	16.973	17.996	13.291
F07:41:08	95.53	14.973	16.997	18.256	13.262
F07:42:08	89.418	15.013	17.021	18.383	13.224
F07:43:08	81.723	14.946	17.045	17.883	13.222
F07:44:08	75.747	14.832	17.066	17.404	13.294
F07:45:08	74.631	14.92	17.086	18.648	13.236
F07:46:08	77.83	14.926	17.107	18.75	13.246
F07:47:08	84.409	15.025	17.128	18.234	13.27
F07:48:08	85.739	15.086	17.149	18.876	13.301
F07:49:08	77.804	15.116	17.168	17.901	13.296
F07:50:08	67.481	15.06	17.186	17.771	13.239
F07:51:08	61.577	15.049	17.205	17.768	13.181
F07:52:08	62.595	14.958	17.221	17.635	13.243
F07:53:08	71.822	14.75	17.237	17.859	13.313
F07:54:08	86.375	14.785	17.252	18.49	13.311
F07:55:08	98.709	14.894	17.267	18.281	13.311
G07:56:08	112.127	14.978	17.284	19.338	13.303
G07:57:08	126.934	15.116	17.299	19.601	13.303
H07:58:08	139.119	15.116	17.316	19.231	13.301
H07:59:08	147.132	15.092	17.336	19.102	13.282
H08:00:08	152.491	15.148	17.354	19.641	13.244
H08:01:08	162.055	15.244	17.373	19.979	13.253
H08:02:08	173.533	15.446	17.396	19.957	13.308
H08:03:08	174.428	15.671	17.424	19.278	13.265
H08:04:08	170.912	15.7	17.447	19.652	13.212
H08:05:08	171.041	15.712	17.472	19.596	13.183
H08:06:08	175.109	15.706	17.495	19.532	13.179
H08:07:08	175.927	15.651	17.52	19.184	13.169
H08:08:08	169.763	15.697	17.546	18.935	13.232
H08:09:08	163.476	15.841	17.573	19.603	13.258
H08:10:08	162.509	15.85	17.6	19.634	13.294
H08:11:08	167.771	15.953	17.629	19.751	13.284
H08:12:08	180.105	15.85	17.656	19.712	13.255
H08:13:08	198.74	15.907	17.686	19.653	13.299
H08:14:08	216.544	15.867	17.714	20.135	13.265
H08:15:08	229.696	15.669	17.743	20.06	13.244
H08:16:08	237.566	15.766	17.773	20.121	13.279
H08:17:08	250.381	15.944	17.805	19.59	13.303
H08:18:08	270.449	16.044	17.836	20.165	13.238
H08:19:09	285.56	16.144	17.869	20.065	13.191
H08:20:08	269.365	16.201	17.901	20.045	13.291
H08:21:08	261.819	16.368	17.935	19.563	13.208
H08:22:08	260.061	16.396	17.973	19.587	13.277
H08:23:08	262.254	16.436	18.013	19.718	13.253
H08:24:08	255.636	16.476	18.05	19.951	13.217
H08:25:09	249.232	16.56	18.09	19.698	13.298
H08:26:08	248.836	16.572	18.132	19.902	13.299
H08:27:08	259.802	16.49	18.173	19.582	13.214
H08:28:08	253.904	16.47	18.214	19.507	13.207
H08:29:08	243.886	16.555	18.257	19.85	13.279
H08:30:08	238.611	16.597	18.301	19.694	13.263
H08:31:08	233.647	16.676	18.344	19.789	13.171
H08:32:08	229.754	16.656	18.387	19.78	13.27
H08:33:08	228.242	16.597	18.43	19.548	13.267
H08:34:08	224.784	16.597	18.473	19.696	13.284
H08:35:08	227.302	16.715	18.517	19.483	13.27
H08:36:08	233.271	16.732	18.561	19.661	13.284
H08:37:08	235.217	16.718	18.604	19.36	13.26
H08:38:08	238.65	16.76	18.65	19.492	13.178
H08:39:08	232.908	16.656	18.695	19.335	13.26
H08:40:08	213.468	16.589	18.741	19.354	13.251
H08:41:08	198.915	16.631	18.786	19.216	13.207
H08:42:08	192.291	16.484	18.834	19.259	13.174
H08:43:08	187.087	16.411	18.876	19.032	13.226
H08:44:08	181.449	16.51	18.919	18.769	13.282
H08:45:08	178.185	16.574	18.961	19.464	13.287
H08:46:08	175.272	16.62	19.003	19.501	13.267
H08:47:08	174.61	16.608	19.043	19.155	13.219
H08:48:08	179.573	16.69	19.083	19.664	13.183
H08:49:08	191.064	16.757	19.12	19.763	13.184
H08:50:08	196.028	16.715	19.158	19.319	13.203
H08:51:08	200.128	16.684	19.194	19.624	13.207
H08:52:08	208.297	16.805	19.229	19.407	13.222
H08:53:08	217.426	16.69	19.264	19.808	13.255
H08:54:08	226.627	16.712	19.299	19.425	13.265
H08:55:08	230.682	16.538	19.333	19.752	13.277
H08:56:08	223.143	16.529	19.37	19.635	13.219
H08:57:08	214.182	16.439	19.405	19.48	13.196
H08:58:08	202.549	16.348	19.44	19.6	13.262
H08:59:08	191.058	16.28	19.474	19.409	13.253
H09:00:08	187.859	16.447	19.51	19.322	13.219
H09:01:08	189.909	16.645	19.546	19.046	13.202
H09:02:08	191.661	16.617	19.58	19.591	13.22
H09:03:08	191.596	16.667	19.612	19.543	13.212
H09:04:08	196.268	16.603	19.645	19.016	13.198
H09:05:08	200.42	16.286	19.677	19.533	13.203
H09:06:08	209.056	16.379	19.71	19.733	13.208
H09:07:08	225.543	16.464	19.739	19.787	13.236
H09:08:08	235.6	16.289	19.768	19.795	13.268
H09:09:08	238.844	16.439	19.794	19.907	13.222
H09:10:08	235.704	16.266	19.818	19.543	13.172
H09:11:08	226.38	16.184	19.844	19.76	13.174
H09:12:08	212.988	16.218	19.87	19.033	13.172
H09:13:08	207.026	16.34	19.897	19.694	13.281
H09:14:08	210.056	16.226	19.924	19.503	13.244
H09:15:08	218.867	16.004	19.949	19.815	13.265
H09:16:08	238.565	15.74	19.972	19.81	13.236
H09:17:08	273.706	16.041	19.996	19.982	13.207
H09:18:08	308.276	16.317	20.02	19.993	13.238
H09:19:08	316.257	16.309	20.044	19.913	13.229
H09:20:08	297.739	16.314	20.069	19.962	13.229
H09:21:08	275.86	16.343	20.094	19.792	13.232
H09:22:08	266.069	16.453	20.12	19.475	13.214
H09:23:08	254.228	16.583	20.147	19.694	13.183
H09:24:08	252.483	16.566	20.175	19.42	13.183
H09:25:08	259.438	16.614	20.204	19.678	13.162
H09:26:08	247.857	16.396	20.235	19.62	13.16
H09:27:08	227.477	16.334	20.266	19.647	13.16
H09:28:08	216.868	16.348	20.295	19.617	13.172
H09:29:08	222.195	16.394	20.324	19.506	13.256
H09:30:08	215.947	16.36	20.353	19.582	13.253
H09:31:08	208.479	16.254	20.381	19.497	13.196
H09:32:08	209.978	16.03	20.407	19.698	13.167
H09:33:08	224.551	16.272	20.433	19.808	13.162
H09:34:08	199.655	16.377	20.458	19.819	13.16
H09:35:08	190.396	16.252	20.48	19.661	13.145
H09:36:08	192.706	15.995	20.501	19.805	13.143
H09:37:08	199.862	16.078	20.522	19.85	13.142
H09:38:08	205.228	16.135	20.541	19.938	13.157
H09:39:08	206.494	16.087	20.557	19.78	13.143
H09:40:08	211.133	16.055	20.575	19.344	13.243
H09:41:08	216.901	15.887	20.591	19.646	13.258
H09:42:08	221.546	15.824	20.606	19.306	13.291
H09:43:08	221.118	15.827	20.62	19.61	13.21
H09:44:08	243.12	16.121	20.636	19.849	13.186
H09:45:08	263.85	16.309	20.649	19.94	13.202
H09:46:08	278.741	16.481	20.664	19.676	13.191
H09:47:08	290.725	16.769	20.679	20.011	13.205
H09:48:08	285.424	16.984	20.694	19.666	13.22
H09:49:08	260.801	17.249	20.712	19.623	13.207
H09:50:08	248.59	17.313	20.732	19.785	13.193
H09:51:08	269.58	17.31	20.75	19.861	13.195
H09:52:08	322.991	17.327	20.77	19.741	13.217
H09:53:08	528.451	17.294	20.788	20.332	13.246
H09:54:08	362.395	17.499	20.807	19.956	13.191
H09:55:08	291.802	17.576	20.826	19.597	13.155
H09:56:08	256.233	17.546	20.848	19.472	13.241
H09:57:08	274.361	17.615	20.871	19.615	13.244
H09:58:08	328.461	17.734	20.895	19.93	13.248
H09:59:08	327.189	17.689	20.918	19.913	13.282
H10:00:08	306.751	17.676	20.943	19.582	13.277
H10:01:08	300.724	17.692	20.965	19.591	13.196
H10:02:08	311.351	17.549	20.99	19.733	13.16
H10:03:08	310.631	17.543	21.015	19.738	13.166
H10:04:08	297.46	17.64	21.042	19.574	13.123
H10:05:08	289.654	17.819	21.069	19.588	13.128
H10:06:08	317.58	17.709	21.097	19.799	13.215
H10:07:08	323.699	17.896	21.126	19.557	13.239
H10:08:08	348.523	18.18	21.156	19.868	13.202
H10:09:08	409.156	18.12	21.188	19.93	13.202
H10:10:08	422.646	18.243	21.221	19.94	13.162
H10:11:08	420.44	18.357	21.254	19.915	13.157
H10:12:08	474.663	18.327	21.29	19.932	13.183
H10:13:08	432.735	18.42	21.328	19.796	13.147
H10:14:08	349.198	18.333	21.368	19.574	13.135
H10:15:08	344.182	18.3	21.405	19.649	13.121
H10:16:08	852.251	18.666	21.447	20.371	13.145
H10:17:08	552.347	19.003	21.488	19.779	13.164
H10:18:08	458.87	19.006	21.531	19.621	13.16
H10:19:09	384.799	18.798	21.578	19.363	13.145
H10:20:08	313.986	18.742	21.628	19.223	13.123
H10:21:08	327.955	18.965	21.677	19.192	13.121
H10:22:08	374.334	18.879	21.728	19.513	13.159
H10:23:08	359.826	18.79	21.782	19.481	13.229
H10:24:08	328.773	18.544	21.836	19.557	13.234
H10:25:08	324.581	18.387	21.888	19.396	13.267
H10:26:08	344.403	18.531	21.941	19.486	13.205
H10:27:08	344.422	18.718	21.993	19.558	13.19
H10:28:08	368.345	18.912	22.046	19.688	13.152
H10:29:08	556.493	19.038	22.097	20.026	13.152
I10:30:08	1125.585	19.393	22.149	20.479	13.186
H10:31:08	890.045	19.544	22.202	19.884	13.128
H10:32:08	737.959	19.659	22.255	19.661	13.131
H10:33:08	940.323	19.741	22.308	19.778	13.183
I10:34:08	1018.819	19.796	22.364	19.79	13.195
I10:35:08	1244.788	19.558	22.423	20.061	13.119
I10:36:08	1038.596	20.034	22.485	19.457	13.15
H10:37:08	755.769	20.102	22.55	19.546	13.167
H10:38:08	829.925	20.15	22.619	19.322	13.191
H10:39:08	621.597	20.118	22.686	19.217	13.183
H10:40:08	443.279	20.063	22.755	18.941	13.169
H10:41:08	332.776	19.706	22.824	18.903	13.145
H10:42:08	366.859	19.451	22.893	19.079	13.138
H10:43:08	404.472	19.355	22.964	19.217	13.131
H10:44:08	455.671	19.369	23.032	19.499	13.133
H10:45:08	425.702	18.812	23.099	19.5	13.131
H10:46:08	549.661	18.417	23.163	19.793	13.135
H10:47:08	536.918	18.798	23.225	19.585	13.145
H10:48:08	335.326	18.944	23.284	19.196	13.157
H10:49:08	266.621	18.645	23.337	19.228	13.121
H10:50:08	254.046	18.267	23.383	19.264	13.102
H10:51:08	258.381	17.915	23.432	19.397	13.099
H10:52:08	273.726	18.183	23.479	19.55	13.09
H10:53:08	282.485	18.425	23.523	19.669	13.112
H10:54:08	281.382	18.341	23.56	19.719	13.08
H10:55:08	312.961	18.409	23.595	19.885	13.08
H10:56:08	494.121	18.455	23.627	20.239	13.09
H10:57:08	473.216	18.235	23.657	20.161	13.114
H10:58:08	366.989	18.357	23.683	19.891	13.107
H10:59:08	467.123	18.544	23.706	20.1	13.107
H11:00:08	439.736	18.384	23.726	19.992	13.172
H11:01:08	497.378	18.319	23.743	19.932	13.121
H11:02:08	435.214	18.68	23.76	19.875	13.15
H11:03:08	421.634	18.59	23.777	19.865	13.15
H11:04:08	402.85	18.574	23.796	19.647	13.154
H11:05:08	418.837	18.828	23.815	19.738	13.116
H11:06:08	447.185	19.087	23.834	19.911	13.121
H11:07:08	490.481	19.35	23.853	19.962	13.121
H11:08:08	497.184	19.31	23.87	19.812	13.121
H11:09:08	480.256	18.901	23.89	19.941	13.123
H11:10:08	463.49	18.496	23.909	19.865	13.129
H11:11:08	496.781	18.631	23.929	19.778	13.123
H11:12:08	490.319	18.661	23.95	19.839	13.128
H11:13:08	429.458	18.887	23.971	19.801	13.121
H11:14:08	381.886	18.933	23.993	19.743	13.121
H11:15:08	376.248	18.763	24.017	19.714	13.112
H11:16:08	357.12	18.963	24.036	19.527	13.109
H11:17:08	329.253	19.224	24.056	19.611	13.1
H11:18:08	329.428	19.302	24.076	19.428	13.099
H11:19:08	340.095	19.435	24.093	19.598	13.085
H11:20:08	315.342	19.582	24.107	19.565	13.083
H11:21:08	274.134	19.393	24.119	19.474	13.08
H11:22:08	267.724	18.814	24.128	19.433	13.08
H11:23:08	304.208	18.928	24.136	19.634	13.097
H11:24:08	339.647	18.998	24.145	19.595	13.08
H11:25:08	335.572	19.149	24.159	19.582	13.076
H11:26:08	305.071	19.122	24.173	19.571	13.112
H11:27:08	271.889	19.213	24.189	19.031	13.172
H11:28:08	257.141	19.195	24.207	19.346	13.178
H11:29:08	261.294	19.111	24.227	19.199	13.171
H11:30:08	271.046	19.31	24.246	19.618	13.217
H11:31:08	256.778	19.267	24.261	19.382	13.174
H11:32:08	241.543	18.823	24.273	19.147	13.164
H11:33:08	267.322	18.479	24.284	19.637	13.166
H11:34:08	331.958	18.69	24.294	19.88	13.186
H11:35:08	399.781	18.563	24.304	20.008	13.162
H11:36:08	378.006	18.474	24.313	19.855	13.15
H11:37:08	311.611	18.855	24.323	19.661	13.133
H11:38:08	287.098	19.154	24.334	19.5	13.117
H11:39:08	308.581	19.132	24.342	19.76	13.107
H11:40:08	431.424	18.292	24.353	19.916	13.112
H11:41:08	350.859	18.368	24.363	19.878	13.14
H11:42:08	340.834	18.085	24.371	19.873	13.107
H11:43:08	383.482	18.436	24.378	19.907	13.112
H11:44:08	507.435	18.971	24.387	20.113	13.121
H11:45:08	626.399	19.417	24.397	20.133	13.138
H11:46:08	951.587	19.52	24.41	20.364	13.171
H11:47:08	496.872	19.132	24.423	19.554	13.167
H11:48:08	384.702	19.465	24.437	19.56	13.145
H11:49:08	336.104	19.318	24.45	19.494	13.128
H11:50:08	314.083	18.995	24.464	19.482	13.112
H11:51:08	315.244	18.842	24.477	19.562	13.1
H11:52:08	338.615	19.192	24.486	19.566	13.128
H11:53:08	405.964	19.374	24.5	19.724	13.133
H11:54:08	570.028	19.361	24.516	20.132	13.112
H11:55:08	508.953	19.376	24.53	20.035	13.121
H11:56:08	485.323	19.108	24.547	20.058	13.131
H11:57:08	439.184	18.919	24.567	19.935	13.169
H11:58:08	433.274	18.836	24.587	19.843	13.133
H11:59:08	427.655	19.1	24.607	19.818	13.124
H12:00:08	623.725	19.318	24.629	20.025	13.142
H12:01:08	985.378	19.793	24.65	20.182	13.231
H12:02:08	676.813	20.042	24.673	19.735	13.128
H12:03:08	530.89	19.534	24.696	19.598	13.08
I12:04:08	1019.669	19.96	24.722	20.11	13.056
I12:05:08	1370.642	20.388	24.753	19.941	13.08
I12:06:08	1157.715	20.642	24.788	19.584	13.129
I12:07:08	1080.335	20.469	24.829	19.398	13.16
H12:08:08	581.915	19.558	24.877	18.962	13.162
H12:09:08	867.116	18.941	24.931	19.571	13.154
I12:10:08	1345.247	19.877	24.988	19.862	13.097
I12:11:08	1374.211	20.87	25.05	19.709	13.066
I12:12:08	1298.466	21.135	25.111	19.427	13.071
I12:13:08	1013.83	21.333	25.176	18.924	13.119
H12:14:08	450.338	21	25.242	18.429	13.121
H12:15:08	419.59	20.571	25.311	18.652	13.121
H12:16:08	375.08	19.997	25.38	18.767	13.107
H12:17:08	335.722	19.621	25.449	18.817	13.102
H12:18:08	320.714	19.552	25.518	19.001	13.114
H12:19:08	349.957	19.281	25.581	19.253	13.085
H12:20:08	379.239	18.911	25.64	19.398	13.08
H12:21:08	531.364	19.014	25.693	19.6	13.097
H12:22:08	473.041	19.167	25.744	19.642	13.102
H12:23:08	711.519	19.251	25.789	19.955	13.112
H12:24:08	479.406	19.643	25.829	19.574	13.157
H12:25:08	456.411	19.659	25.864	19.592	13.119
H12:26:08	472.398	19.334	25.89	19.745	13.152
H12:27:08	451.473	19.289	25.917	19.604	13.121
H12:28:08	446.652	19.414	25.94	19.656	13.116
H12:29:08	452.304	19.677	25.964	19.728	13.116
H12:30:08	387.881	19.653	25.991	19.605	13.131
H12:31:08	385.416	19.971	26.014	19.581	13.1
H12:32:08	516.649	20.181	26.038	19.768	13.145
H12:33:08	408.138	20.026	26.062	19.469	13.104
H12:34:08	513.839	19.96	26.083	19.787	13.111
H12:35:08	433.566	19.836	26.104	19.601	13.112
H12:36:08	730.614	20.123	26.125	20.011	13.133
H12:37:08	386.746	20.42	26.144	19.354	13.121
H12:38:08	920.476	20.339	26.163	20.098	13.126
H12:39:08	789.282	20.464	26.179	19.905	13.085
H12:40:08	530.138	20.336	26.195	19.527	13.056
H12:41:08	758.183	20.155	26.213	19.93	13.035
H12:42:08	978.319	20.236	26.233	20.058	13.023
I12:43:08	1198.825	20.304	26.252	20.077	13.138
I12:44:08	1403.162	21.122	26.272	19.835	13.128
I12:45:08	1392.962	21.274	26.293	19.761	13.117
I12:46:08	1256.13	21.482	26.316	19.4	13.069
H12:47:08	606.895	21.544	26.343	18.825	13.047
H12:48:08	854.145	21.137	26.373	19.382	13.032
I12:49:08	1070.849	21.418	26.41	19.139	13.073
H12:50:08	404.524	20.946	26.451	18.489	13.112
H12:51:08	444.979	21.031	26.497	18.927	13.064
H12:52:08	591.511	21.323	26.542	19.205	13.119
H12:53:08	449.968	21.385	26.589	18.942	13.087
H12:54:08	372.024	21.354	26.634	18.99	13.114
I12:55:08	1125.072	21.629	26.676	19.946	13.119
I12:56:08	1357.964	22.137	26.72	19.825	13.128
I12:57:08	1372.933	22.317	26.768	19.532	13.071
I12:58:08	1113.075	22.322	26.818	19.008	13.044
H12:59:08	630.538	22.022	26.871	18.788	13.092
H13:00:08	677.773	21.335	26.927	18.936	13.083
H13:01:08	593.321	20.782	26.987	19.019	13.09
I13:02:08	1072.471	20.652	27.048	19.472	13.128
H13:03:08	688.239	20.362	27.111	19.026	13.142
H13:04:08	440.579	20.136	27.17	19.035	13.16
H13:05:08	412.407	20.252	27.228	19.205	13.121
H13:06:08	402.175	20.247	27.281	19.308	13.121
H13:07:08	429.381	20.013	27.327	19.385	13.114
H13:08:08	807.293	20.052	27.367	19.929	13.114
H13:09:08	786.673	19.738	27.405	19.968	13.078
H13:10:08	710.487	19.965	27.44	19.736	13.047
H13:11:08	470.056	20.173	27.472	19.506	13.032
H13:12:08	375.073	20.247	27.5	19.459	13.021
H13:13:08	381.918	20.218	27.529	19.056	13.023
H13:14:08	393.39	20.218	27.559	19.328	13.119
H13:15:13	390.107	20.147	27.581	19.511	13.126
H13:16:13	426.409	19.629	27.601	19.58	13.128
H13:17:13	597.383	20.181	27.619	19.88	13.176
H13:18:13	729.284	20.247	27.631	20.101	13.136
H13:19:13	687.188	20.55	27.642	19.888	13.081
H13:20:13	782.748	21.127	27.645	19.986	13.047
I13:21:13	1064.796	21.088	27.648	19.925	13.025
H13:22:13	659.178	20.205	27.65	19.582	13.018
H13:23:13	771.302	20.2	27.655	19.776	13.033
I13:24:13	1113.815	20.61	27.661	19.639	13.073
H13:25:13	511.309	20.78	27.669	19.039	13.078
H13:26:13	615.414	21	27.681	19.201	13.08
H13:27:13	556.617	21.179	27.697	19.278	13.08
H13:28:13	655.019	21.003	27.716	19.517	13.095
H13:29:13	529.333	20.8	27.739	19.13	13.133
H13:30:14	441.261	20.291	27.763	19.067	13.097
H13:31:13	322.57	19.86	27.788	19.029	13.081
H13:32:13	294.715	19.981	27.809	19.068	13.097
H13:33:13	294.261	19.913	27.828	19.166	13.068
H13:34:13	310.586	19.878	27.843	19.347	13.059
H13:35:13	384.008	19.836	27.855	19.486	13.059
H13:36:13	453.731	19.907	27.864	19.622	13.066
H13:37:13	323.245	19.59	27.871	19.458	13.064
H13:38:13	302.495	19.441	27.873	19.446	13.059
H13:39:13	279.61	19.513	27.872	19.348	13.059
H13:40:13	281.284	19.529	27.868	19.459	13.075
H13:41:13	252.366	19.473	27.861	19.336	13.047
H13:42:13	235.425	19.661	27.854	19.314	13.04
H13:43:13	220.405	20.087	27.845	19.117	13.039
H13:44:13	226.731	20.113	27.832	19.309	13.035
H13:45:13	255.208	20.464	27.817	19.465	13.045
H13:46:13	305.46	20.433	27.8	19.695	13.023
H13:47:13	537.865	19.981	27.779	20.334	13.039
H13:48:13	433.468	19.791	27.756	19.938	13.04
H13:49:13	330.492	19.298	27.73	19.942	13.039
H13:50:13	269.164	18.612	27.702	19.712	13.057
H13:51:13	260.379	18.558	27.671	19.7	13.033
H13:52:13	273.739	18.882	27.638	19.847	13.023
H13:53:13	359.235	18.85	27.603	20.099	13.028
H13:54:13	389.069	18.812	27.567	20.202	13.035
H13:55:13	618.055	18.715	27.53	20.454	13.097
H13:56:13	574.447	18.761	27.493	20.206	13.097
H13:57:13	535.121	19.178	27.461	20.162	13.08
H13:58:13	439.846	19.754	27.428	19.789	13.08
H13:59:13	403.064	19.248	27.397	19.864	13.071
H14:00:13	398.133	19.175	27.365	19.668	13.069
H14:01:13	333.314	19.619	27.336	19.586	13.059
H14:02:13	703.791	19.55	27.31	20.208	13.069
I14:03:13	1079.135	19.944	27.285	20.286	13.116
H14:04:13	830.697	19.828	27.266	19.94	13.119
H14:05:13	695.616	19.984	27.246	19.826	13.059
H14:06:13	613.948	20.134	27.23	19.68	13.023
I14:07:13	1119.933	20.284	27.217	20.171	13.037
I14:08:13	1098.548	20.699	27.208	19.844	13.085
H14:09:13	471.976	19.933	27.202	19.052	13.123
H14:10:13	337.681	19.449	27.199	18.975	13.078
H14:11:13	410.973	19.35	27.196	19.299	13.068
H14:12:13	393.15	19.635	27.192	19.199	13.066
H14:13:13	312.727	19.743	27.187	19.237	13.059
H14:14:13	381.698	19.454	27.18	19.495	13.052
H14:15:13	297.577	19.265	27.168	19.327	13.047
H14:16:13	232.058	19.122	27.154	19.242	13.039
H14:17:13	208.972	19.305	27.136	19.182	13.023
H14:18:13	213.754	19.318	27.118	19.267	13.018
H14:19:13	234.283	19.154	27.1	19.19	13.018
H14:20:13	258.776	18.788	27.081	19.506	13.018
H14:21:13	261.93	18.617	27.06	19.594	13.013
H14:22:13	526.835	19.295	27.042	20.156	13.08
I14:23:13	1076.234	20.409	27.023	20.689	13.116
I14:24:13	1104.03	21.106	27.004	20.448	13.076
I14:25:13	1044.085	21.367	26.99	20.155	13.032
H14:26:13	466.929	20.292	26.979	18.792	13.068
H14:27:13	355.044	19.208	26.973	19.213	13.147
H14:28:13	405.588	19.094	26.97	19.144	13.135
H14:29:13	549.791	19.32	26.971	19.564	13.119
H14:30:13	670.117	19.812	26.975	19.803	13.114
H14:31:13	557.849	19.645	26.979	19.705	13.117
H14:32:13	696.265	19.831	26.986	19.941	13.114
H14:33:13	821.697	20.265	26.994	19.732	13.129
H14:34:13	731.983	20.27	27.001	19.778	13.133
H14:35:13	811.102	20.514	27.01	19.769	13.142
H14:36:13	851.206	20.743	27.02	19.883	13.131
H14:37:13	883.628	20.238	27.032	19.911	13.068
H14:38:13	864.507	19.981	27.045	19.896	13.035
H14:39:13	834.616	19.95	27.058	19.846	13.013
H14:40:13	844.51	20.031	27.07	19.85	13.044
H14:41:13	850.538	20.134	27.084	19.838	13.087
H14:42:13	854.003	19.818	27.095	19.887	13.114
H14:43:13	848.669	19.81	27.105	19.847	13.131
H14:44:13	768.688	19.584	27.111	19.72	13.136
H14:45:13	845.354	19.39	27.117	19.927	13.14
H14:46:13	850.155	19.621	27.123	19.946	13.095
H14:47:13	858.849	19.878	27.125	19.953	13.052
H14:48:13	871.813	19.902	27.127	19.976	13.021
H14:49:13	826.622	19.862	27.13	19.839	13.009
H14:50:13	462.951	19.746	27.13	19.159	13.081
H14:51:13	349.594	19.321	27.131	19.267	13.057
H14:52:13	580.935	19.35	27.128	19.801	13.109
H14:53:13	922.124	19.581	27.126	20.202	13.119
H14:54:13	750.267	19.979	27.124	19.773	13.172
H14:55:13	394.376	20.318	27.117	19.248	13.099
H14:56:13	530.157	19.923	27.11	19.678	13.083
H14:57:13	607.115	19.783	27.102	19.581	13.105
H14:58:13	362.934	19.73	27.094	19.297	13.081
H14:59:13	465.78	19.762	27.089	19.47	13.08
H15:00:13	395.894	19.855	27.085	19.345	13.08
H15:01:13	372.835	20.115	27.083	19.467	13.078
H15:02:13	310.482	20.26	27.084	19.221	13.08
H15:03:13	281.985	20.553	27.087	19.173	13.054
H15:04:13	241.569	20.401	27.09	19.091	13.039
H15:05:13	230.001	20.704	27.091	19.135	13.032
H15:06:13	229.962	20.818	27.095	19.037	13.02
H15:07:13	228.366	20.323	27.099	19.084	13.018
H15:08:13	227.723	20.131	27.101	19.096	13.018
H15:09:13	230.688	20.108	27.102	19.263	13.009
H15:10:13	243.646	20.163	27.102	19.271	13.033
H15:11:13	250.945	19.868	27.103	19.396	13.064
H15:12:13	237.657	19.531	27.105	19.261	13.119
H15:13:13	226.257	19.323	27.108	19.332	13.152
H15:14:13	229.002	19.326	27.111	19.402	13.147
H15:15:13	230.604	19.547	27.11	19.519	13.142
H15:16:13	231.902	19.942	27.108	19.508	13.135
H15:17:13	249.414	20.205	27.105	19.618	13.133
H15:18:13	268.483	20.11	27.101	19.433	13.121
H15:19:13	297.719	20.26	27.096	19.504	13.142
H15:20:13	465.735	20.157	27.091	20.119	13.186
H15:21:13	729.226	19.957	27.09	20.405	13.121
H15:22:13	710.403	20.678	27.089	20.198	13.124
H15:23:13	671.797	20.917	27.087	19.892	13.123
H15:24:13	567.238	20.777	27.084	19.661	13.116
H15:25:13	666.782	20.357	27.082	19.881	13.114
H15:26:13	673.835	20.579	27.08	19.804	13.116
H15:27:13	421.218	20.881	27.082	19.201	13.102
H15:28:13	458.117	21.018	27.08	19.552	13.08
H15:29:13	606.609	20.889	27.077	19.873	13.124
H15:30:13	515.507	20.941	27.073	19.759	13.087
H15:31:13	614.343	21.238	27.069	19.849	13.09
H15:32:13	630.538	21.752	27.067	19.831	13.099
H15:33:13	544.84	21.428	27.069	19.605	13.1
H15:34:13	433.715	20.86	27.074	19.459	13.08
H15:35:13	366.619	20.59	27.079	19.399	13.08
H15:36:13	380.653	20.273	27.089	19.426	13.064
H15:37:13	253.008	20.163	27.091	19.034	13.054
H15:38:13	245.878	19.56	27.097	19.007	13.039
H15:39:13	239.201	19.799	27.099	19.18	13.03
H15:40:13	289.927	20.118	27.101	19.499	13.023
H15:41:13	416.813	20.189	27.102	19.735	13.027
H15:42:13	470.478	20.401	27.102	19.675	13.03
H15:43:13	160.07	20.307	27.101	18.882	13.02
H15:44:13	166.259	20.089	27.098	19.075	13.013
H15:45:13	351.547	20.341	27.092	19.882	13.035
H15:46:13	418.649	20.733	27.085	19.969	13.016
H15:47:13	436.745	21.137	27.07	19.903	13.015
H15:48:13	423.833	21.29	27.056	19.804	13.018
H15:49:13	428.797	21.341	27.04	19.898	13.018
H15:50:13	439.152	21.629	27.022	19.878	13.016
H15:51:13	387.31	21.744	27.004	19.62	13.018
H15:52:13	360.955	21.323	26.989	19.663	13.04
H15:53:13	311.669	21.199	26.974	19.556	13.006
H15:54:13	358.496	21.101	26.96	19.576	13.001
H15:55:13	440.819	20.294	26.947	20.023	12.999
H15:56:13	527.757	20.782	26.938	19.935	13.016
H15:57:13	241.148	20.466	26.93	19.169	13.003
H15:58:13	198.675	20.218	26.923	18.385	13.018
H15:59:13	213.527	20.229	26.916	19.165	13.097
H16:00:13	267.14	20.268	26.906	19.541	13.135
H16:01:13	367.469	20.634	26.893	20.014	13.109
H16:02:13	290.809	20.795	26.881	19.727	13.073
H16:03:13	258.128	20.435	26.868	19.568	13.051
H16:04:13	259.341	20.289	26.856	19.596	13.035
H16:05:13	267.497	20.386	26.845	19.755	13.02
H16:06:13	304.493	20.73	26.835	19.801	13.016
H16:07:13	408.047	20.992	26.829	19.814	13.057
H16:08:13	515.857	21.518	26.827	20.093	13.025
H16:09:13	626.944	22.291	26.825	20.113	13.035
H16:10:13	632.744	23	26.823	19.951	13.081
H16:11:13	587.949	23.088	26.823	19.89	13.059
H16:12:13	590.817	23.268	26.826	19.837	13.059
H16:13:13	582.181	23.55	26.828	19.806	13.061
H16:14:13	350.813	23.047	26.832	19.257	13.056
H16:15:13	249.239	21.978	26.841	19.211	13.035
H16:16:13	402	22.124	26.852	19.577	13.032
H16:17:13	224.194	21.951	26.86	18.962	13.02
G16:18:13	155.709	20.856	26.868	18.992	13.018
G16:19:13	136.089	19.822	26.878	18.308	13.044
G16:20:13	121.782	19.47	26.885	18.81	13.133
G16:21:13	113.561	19.195	26.891	18.563	13.159
G16:22:13	119.861	19.168	26.894	18.72	13.123
G16:23:14	127.693	19.214	26.894	18.944	13.117
F16:24:13	73.003	18.72	26.89	18.574	13.097
F16:25:13	60.578	18.685	26.881	18.381	13.066
F16:26:13	53.427	18.335	26.868	18.526	13.045
F16:27:13	54.608	18.303	26.851	18.206	13.035
F16:28:13	58.767	18.534	26.83	18.31	13.023
F16:29:13	68.428	18.471	26.806	18.518	13.018
F16:30:13	78.213	18.58	26.776	18.863	13.018
F16:31:13	92.351	18.785	26.744	18.769	13.03
G16:32:13	111.842	18.736	26.71	18.922	13.027
G16:33:13	179.061	18.785	26.676	19.505	13.047
G16:34:13	206.967	19.568	26.643	19.078	13.071
G16:35:13	198.772	19.701	26.608	19.396	13.09
G16:36:13	133.844	19.613	26.569	19.067	13.087
G16:37:13	119.725	19.254	26.534	18.856	13.08
G16:38:13	126.363	19.39	26.499	18.804	13.08
G16:39:13	144.543	19.507	26.463	19.289	13.087
G16:40:13	277.015	19.92	26.429	19.878	13.143
G16:41:13	164.929	19.722	26.394	19.468	13.112
G16:42:13	216.972	19.778	26.362	19.274	13.092
G16:43:13	284.36	20.375	26.331	19.894	13.112
G16:44:13	327.838	21.049	26.3	19.949	13.135
G16:45:13	179.775	20.451	26.27	19.262	13.085
G16:46:13	141.772	19.815	26.239	19.175	13.069
G16:47:13	135.466	19.653	26.207	19.06	13.049
G16:48:13	138.347	19.637	26.18	19.139	13.039
G16:49:13	128.964	19.712	26.155	19.063	13.023
G16:50:13	192.161	19.852	26.127	19.437	13.018
G16:51:13	287.273	20.826	26.102	19.664	13.047
G16:52:13	239.286	20.581	26.076	19.51	13.018
G16:53:13	233.537	20.273	26.052	19.092	13.02
G16:54:13	131.748	19.854	26.028	18.887	13.016
G16:55:13	102.395	19.422	26.005	18.891	12.999
F16:56:13	99.378	19.197	25.981	18.826	13.004
G16:57:13	110.81	19.194	25.956	18.56	13.018
F16:58:13	97.399	19.425	25.932	17.828	13.068
F16:59:13	89.528	19.334	25.909	17.678	13.105
F17:00:13	83.189	19.095	25.885	17.972	13.123
F17:01:13	73.788	18.715	25.861	18.608	13.145
F17:02:13	66.086	18.46	25.834	18.007	13.145
F17:03:13	57.937	18.292	25.804	17.922	13.128
F17:04:13	52.35	18.115	25.774	17.858	13.102
F17:05:13	50.566	18.235	25.744	17.47	13.087
E17:06:13	49.093	18.237	25.712	17.845	13.083
E17:07:13	48.412	18.186	25.68	17.249	13.076
E17:08:13	47.179	18.235	25.651	17.548	13.066
E17:09:13	44.026	18.308	25.618	16.684	13.061
E17:10:13	40.529	18.226	25.586	17.573	13.054
E17:11:13	37.953	17.753	25.554	17.511	13.042
E17:12:13	36.778	17.879	25.52	17.554	13.045
E17:13:13	38.413	17.961	25.485	17.483	13.028
E17:14:20	38.764	17.871	25.443	17.124	13.028
E17:15:18	39.062	17.797	25.405	16.715	13.021
E17:16:18	40.386	17.797	25.365	17.895	13.021
E17:17:18	40.697	17.959	25.325	17.448	13.02
E17:18:18	40.769	18.022	25.282	17.85	13.021
E17:19:18	39.095	17.961	25.234	17.138	13.015
E17:20:18	36.447	18.079	25.188	17.36	13.008
E17:21:18	34.767	18.052	25.14	17.527	13.001
E17:22:18	34.332	18.041	25.095	17.308	12.997
E17:23:18	34.683	18.137	25.05	17.084	12.999
E17:24:18	35.052	17.981	25.005	15.913	13.03
E17:25:18	34.345	17.904	24.962	14.617	13.087
E17:26:18	33.703	17.832	24.921	15.521	13.16
E17:27:18	33.677	17.56	24.879	15.783	13.195
E17:28:18	33.177	17.563	24.838	16.038	13.19
E17:29:18	31.198	17.524	24.793	16.04	13.176
E17:30:18	28.577	17.41	24.747	15.816	13.148
E17:31:18	26.793	17.28	24.699	15.469	13.124
E17:32:18	25.554	17.208	24.651	15.338	13.107
E17:33:18	24.853	17.277	24.606	14.988	13.087
E17:34:18	24.554	17.316	24.557	15.141	13.08
E17:35:18	24.392	17.33	24.508	15.177	13.08
E17:36:18	24.094	17.222	24.464	14.945	13.073
E17:37:18	23.529	17.213	24.419	14.941	13.064
E17:38:18	23.691	17.285	24.373	15.153	13.059
E17:39:18	24.223	17.36	24.328	15.195	13.061
E17:40:18	24.905	17.499	24.284	15.251	13.057
E17:41:18	25.307	17.444	24.238	15.545	13.059
E17:42:18	25.411	17.269	24.191	15.46	13.057
E17:43:18	25.463	17.035	24.149	15.5	13.059
E17:44:18	25.184	16.984	24.104	15.383	13.061
E17:45:18	24.23	16.968	24.058	15.443	13.054
E17:46:18	22.498	16.811	24.013	14.742	13.045
E17:47:18	21.148	16.912	23.962	14.826	13.037
E17:48:18	20.272	17.049	23.914	14.671	13.025
E17:49:18	19.357	17.01	23.866	14.503	13.018
E17:50:18	18.377	16.979	23.82	14.156	13.016
E17:51:18	17.514	17.032	23.775	13.326	13.018
E17:52:18	16.437	16.83	23.734	13.327	13.02
E17:53:18	15.523	16.914	23.694	13.324	13.016
E17:54:18	14.653	16.937	23.653	13.312	13.009
E17:55:18	13.699	16.769	23.61	13.302	12.999
E17:56:18	13.07	16.707	23.572	13.291	12.989
E17:57:18	12.551	16.69	23.532	13.28	12.977
E17:58:18	11.87	16.687	23.491	12.99	12.973
E17:59:18	11.227	16.659	23.446	12.324	12.963
E18:00:18	10.325	16.791	23.403	11.511	12.956
D18:01:18	9.638	16.937	23.357	10.534	12.956
C18:02:18	8.84	16.954	23.317	9.314	12.956
C18:03:18	8.08	16.878	23.271	8.08	12.942
C18:04:18	7.75	16.945	23.226	7.111	12.937
C18:05:18	7.574	16.903	23.185	6.455	12.936
C18:06:18	7.503	16.861	23.146	5.921	12.927
C18:07:18	7.626	16.833	23.109	5.139	12.92
C18:08:18	7.853	16.901	23.071	4.217	12.915
C18:09:18	7.905	16.853	23.03	3.45	12.915
C18:10:18	7.97	16.889	22.99	2.866	12.913
C18:11:18	8.016	16.766	22.95	2.39	12.91
C18:12:18	8.042	16.715	22.913	1.951	12.898
C18:13:18	8.106	16.67	22.878	1.543	12.894
C18:14:18	8.223	16.701	22.844	1.146	12.894
C18:15:18	8.327	16.763	22.813	0.832	12.894
C18:16:18	7.367	16.577	22.778	0.553	12.891
C18:17:18	6.841	16.636	22.741	0.354	12.882
C18:18:18	6.238	16.662	22.703	0.192	12.876
C18:19:18	5.537	16.667	22.666	0.106	12.874
C18:20:18	4.59	16.794	22.632	0.054	12.872
C18:21:18	3.24	16.69	22.599	0.031	12.864
C18:22:18	0.028	16.308	22.569	0.015	12.855
D18:23:19	-3.391	15.915	22.54	0.011	12.853
D18:24:18	-4.403	15.746	22.508	0.013	12.853
D18:25:18	-3.527	15.677	22.471	0.01	12.853
D18:26:18	-2.664	15.694	22.428	0.004	12.848
D18:27:18	-1.886	15.749	22.383	0.011	12.838
D18:28:18	-2.294	15.66	22.341	0.017	12.834
D18:29:18	-2.197	15.755	22.301	0.012	12.833
D18:30:18	-1.334	15.932	22.268	0.004	12.833
D18:31:18	-0.614	16.05	22.236	0.014	12.833
D18:32:18	-0.01	16.081	22.204	0.012	12.831
C18:33:18	0.496	16.064	22.174	0.015	12.826
C18:34:18	1.047	16.067	22.146	0.005	12.819
C18:35:18	1.527	15.864	22.117	0.007	12.812
C18:36:18	2.079	15.542	22.091	0.013	12.812
C18:37:18	2.715	15.444	22.064	0.014	12.812
C18:38:18	3.286	15.386	22.038	0.012	12.807
C18:39:18	3.655	15.29	22.01	0.008	12.798
C18:40:18	3.96	15.171	21.982	0.01	12.795
C18:41:18	4.162	15.133	21.956	0.009	12.791
C18:42:18	4.311	15.104	21.931	0.009	12.791
C18:43:18	4.544	15.13	21.903	0.013	12.791
C18:44:18	4.745	15.226	21.874	0.004	12.79
C18:45:18	5.037	15.316	21.847	0.008	12.783
C18:46:18	4.973	15.392	21.82	0.002	12.774
C18:47:18	5.109	15.542	21.791	0.012	12.773
C18:48:18	5.524	15.732	21.763	0.006	12.771
C18:49:18	5.848	15.809	21.734	0.008	12.766
C18:50:18	5.92	15.605	21.702	0.002	12.759
C18:51:18	5.978	15.499	21.673	0.002	12.754
C18:52:18	6.199	15.435	21.644	0.007	12.754
C18:53:18	6.64	15.397	21.615	0.012	12.75
C18:54:18	6.627	15.455	21.586	0.004	12.75
C18:55:18	6.484	15.519	21.554	0.01	12.749
C18:56:18	6.355	15.599	21.524	0.004	12.75
C18:57:18	6.309	15.72	21.493	0.004	12.745
C18:58:18	6.186	15.64	21.461	0.01	12.742
C18:59:18	6.069	15.568	21.429	0.012	12.735
C19:00:18	0	15.571	21.398	0.004	12.733
C19:01:18	0	15.565	21.372	0.005	12.73
C19:02:18	0	15.605	21.344	0.002	12.73
C19:03:18	0	15.507	21.318	0.009	12.726
C19:04:18	0	15.371	21.293	0.009	12.723
C19:05:18	0	15.235	21.267	0.005	12.709
C19:06:18	0	15.18	21.244	0.006	12.712
C19:07:18	0	15.203	21.221	0.004	12.709
C19:08:18	0	15.136	21.197	0.011	12.709
C19:09:18	0	15.104	21.174	0.009	12.707
C19:10:18	0	15.107	21.15	0.011	12.704
C19:11:18	0	15.226	21.127	0.007	12.69
C19:12:18	0	15.241	21.105	0.008	12.69
C19:13:18	0	15.171	21.082	0.01	12.69
C19:14:18	0	15.194	21.06	0.01	12.688
C19:15:18	0	15.273	21.036	0.011	12.688
C19:16:18	0	15.334	21.014	0.015	12.68
C19:17:18	0	15.209	20.993	0.015	12.678
C19:18:18	0	15.113	20.97	0.014	12.673
C19:19:18	0	15.249	20.951	0.007	12.668
C19:20:18	0	15.377	20.929	0.007	12.668
C19:21:18	0	15.348	20.909	0.007	12.668
C19:22:18	0	15.063	20.889	0.007	12.668
C19:23:18	0	14.946	20.867	0.01	12.668
C19:24:18	0	14.914	20.847	0.017	12.668
C19:25:18	0	14.712	20.828	0.007	12.663
C19:26:18	0	14.685	20.807	0.009	12.658
C19:27:18	0	14.6	20.789	0.011	12.649
C19:28:18	0	14.482	20.769	0.008	12.649
C19:29:18	0	14.6	20.75	0.007	12.647
C19:30:18	0	14.747	20.731	0.004	12.649
C19:31:18	0	14.57	20.71	0.007	12.646
C19:32:18	0	14.493	20.692	0.007	12.644
C19:33:18	0	14.488	20.675	0.01	12.639
C19:34:18	0	14.425	20.657	0.017	12.637
C19:35:18	0	14.283	20.639	0.001	12.628
C19:36:18	0	14.244	20.618	0.01	12.627
C19:37:18	0	14.322	20.598	0.01	12.627
C19:38:18	0	14.304	20.578	0.003	12.627
C19:39:18	0	14.33	20.557	0.009	12.627
C19:40:18	0	14.49	20.539	0.007	12.622
C19:41:18	0	14.434	20.519	0.004	12.62
C19:42:18	0	14.354	20.499	0.007	12.613
C19:43:18	0	14.328	20.48	0.012	12.606
C19:44:18	0	14.307	20.462	0.014	12.606
C19:45:18	0	14.298	20.444	0.004	12.606
C19:46:18	0	14.28	20.423	0.01	12.604
C19:47:18	0	14.262	20.406	0.004	12.599
C19:48:18	0	14.351	20.387	0.01	12.594
C19:49:18	0	14.381	20.367	0.015	12.591
C19:50:18	0	14.325	20.348	0.004	12.586
C19:51:18	0	14.348	20.327	0.014	12.586
C19:52:18	0	14.342	20.308	0.013	12.586
C19:53:18	0	14.369	20.29	0.007	12.586
C19:54:18	0	14.496	20.271	0.011	12.584
C19:55:18	0	14.416	20.252	0.009	12.579
C19:56:18	0	14.298	20.232	0.009	12.573
C19:57:18	0	14.209	20.213	0.011	12.572
C19:58:18	0	14.209	20.195	0.006	12.567
C19:59:18	0	14.262	20.178	0.009	12.565
C20:00:18	0	14.384	20.161	0.01	12.565
C20:01:18	0	14.399	20.145	0.01	12.565
C20:02:18	0	14.422	20.129	0.014	12.565
C20:03:18	0	14.49	20.114	0.006	12.561
C20:04:18	0	14.375	20.099	0.007	12.563
C20:05:18	0	14.289	20.084	0.006	12.558
C20:06:18	0	14.089	20.068	0.011	12.549
C20:07:18	0	14.057	20.052	0.012	12.544
C20:08:18	0	13.982	20.036	0.006	12.544
C20:09:18	0	13.85	20.022	0.002	12.544
C20:10:18	0	13.781	20.006	0.018	12.544
C20:11:18	0	13.904	19.991	0.007	12.541
C20:12:18	0	13.967	19.975	0.009	12.536
C20:13:18	0	13.952	19.962	0.003	12.531
C20:14:18	0	13.976	19.948	0.004	12.524
C20:15:18	0	14.158	19.933	0.016	12.524
C20:16:18	0	14.212	19.919	0.006	12.524
C20:17:18	0	14.152	19.906	0.007	12.524
C20:18:18	0	14.06	19.892	0.009	12.524
C20:19:18	0	14.018	19.878	0.008	12.519
C20:20:18	0	14.095	19.863	0.014	12.513
C20:21:18	0	14.224	19.851	0.008	12.512
C20:22:18	0	14.28	19.837	0.01	12.508
C20:23:18	0	14.253	19.824	0.007	12.505
C20:24:18	0	14.11	19.811	0.013	12.503
C20:25:18	0	13.979	19.798	0.006	12.503
C20:26:18	0	13.964	19.785	0.008	12.503
C20:27:18	0	13.949	19.771	0.011	12.503
C20:28:18	0	13.898	19.757	0.008	12.503
C20:29:18	0	13.847	19.742	0.007	12.501
C20:30:18	0	13.823	19.726	0.007	12.498
C20:31:18	0	13.868	19.711	0.007	12.493
C20:32:18	0	13.805	19.695	0.007	12.484
C20:33:18	0	13.772	19.681	0.011	12.484
C20:34:18	0	13.672	19.667	0.007	12.483
C20:35:18	0	13.669	19.654	0.017	12.483
C20:36:18	0	13.672	19.64	0.012	12.483
C20:37:18	0	13.694	19.626	0.013	12.483
C20:38:18	0	13.787	19.613	0.007	12.479
C20:39:18	0	13.799	19.602	0.005	12.481
C20:40:18	0	13.844	19.59	0.011	12.472
C20:41:18	0	13.901	19.576	0.006	12.467
C20:42:18	0	13.877	19.564	0.006	12.465
C20:43:18	0	13.865	19.551	0.006	12.462
C20:44:18	0	13.889	19.539	0.005	12.462
C20:45:18	0	13.919	19.526	0.005	12.462
C20:46:18	0	14.185	19.512	0.004	12.462
C20:47:18	0	14.345	19.498	0.005	12.46
C20:48:18	0	14.295	19.485	0.003	12.462
C20:49:18	0	14.227	19.472	0.004	12.459
C20:50:18	0	14.143	19.459	0.008	12.453
C20:51:18	0	14.092	19.447	0.017	12.448
C20:52:18	0	14.224	19.436	0.004	12.445
C20:53:18	0	14.241	19.422	0.016	12.44
C20:54:18	0	14.526	19.409	0.005	12.441
C20:55:18	0	14.614	19.395	0.005	12.441
C20:56:18	0	14.682	19.382	0.004	12.438
C20:57:18	0	14.579	19.367	0.007	12.436
C20:58:18	0	14.582	19.353	0.002	12.433
C20:59:18	0	14.667	19.334	0.012	12.431
C21:00:18	0	14.709	19.311	0.004	12.424
C21:01:18	0	14.715	19.284	0.001	12.421
C21:02:18	0	14.765	19.258	0.009	12.421
C21:03:18	0	14.85	19.235	0.006	12.421
C21:04:18	0	14.829	19.215	0.011	12.421
C21:05:18	0	14.823	19.199	0.008	12.421
C21:06:18	0	14.762	19.182	0.008	12.421
C21:07:18	0	14.773	19.165	0.009	12.421
C21:08:18	0	14.882	19.148	0.015	12.421
C21:09:18	0	14.946	19.134	0.008	12.417
C21:10:18	0	14.788	19.123	0.01	12.417
C21:11:18	0	14.738	19.111	0.01	12.409
C21:12:18	0	14.718	19.1	0.011	12.404
C21:13:18	0	14.744	19.091	0.007	12.402
C21:14:18	0	14.72	19.082	0.006	12.4
C21:15:18	0	14.697	19.074	0.005	12.4
C21:16:18	0	14.732	19.067	0.006	12.4
C21:17:18	0	14.762	19.06	0.007	12.4
C21:18:18	0	14.853	19.052	0.009	12.4
C21:19:18	0	14.955	19.047	0.006	12.398
C21:20:18	0	14.99	19.041	0.011	12.398
C21:21:18	0	15.092	19.036	0.012	12.393
C21:22:18	0	14.955	19.032	0.007	12.392
C21:23:18	0	14.911	19.029	0.007	12.386
C21:24:18	0	14.826	19.025	0.018	12.383
C21:25:18	0	14.797	19.024	0.008	12.38
C21:26:18	0	14.899	19.021	0.008	12.38
C21:27:18	0	15.06	19.02	0.007	12.38
C21:28:18	0	14.975	19.018	0.005	12.381
C21:29:18	0	14.767	19.017	0.003	12.376
C21:30:18	0	14.87	19.016	0.004	12.374
C21:31:18	0	14.981	19.015	0.007	12.378
C21:32:18	0	14.905	19.013	0.009	12.364
C21:33:18	0	14.87	19.011	0.014	12.361
C21:34:18	0	14.838	19.01	0.011	12.368
C21:35:18	0	14.832	19.009	0.01	12.361
C21:36:18	0	14.788	19.006	0.01	12.359
C21:37:18	0	14.735	19.006	0.012	12.359
C21:38:18	0	14.65	19.004	0.007	12.359
C21:39:18	0	14.62	19.002	0.001	12.359
C21:40:18	0	14.7	19.001	0.007	12.359
C21:41:18	0	14.861	18.999	0.012	12.357
C21:42:18	0	14.873	18.998	0.013	12.352
C21:43:18	0	14.885	18.997	0.009	12.35
C21:44:18	0	14.999	18.996	0.013	12.349
C21:45:18	0	14.94	18.994	0.009	12.347
C21:46:18	0	14.841	18.993	0.014	12.342
C21:47:18	0	14.861	18.991	0.01	12.34
C21:48:18	0	14.744	18.988	0.017	12.338
C21:49:18	0	14.723	18.987	0.011	12.34
C21:50:18	0	14.715	18.983	0.011	12.338
C21:51:18	0	14.738	18.98	0.012	12.338
C21:52:18	0	14.688	18.976	0.014	12.338
C21:53:18	0	14.626	18.973	0.005	12.338
C21:54:18	0	14.685	18.97	0.005	12.338
C21:55:18	0	14.776	18.966	0.009	12.338
C21:56:18	0	14.759	18.963	0.004	12.337
C21:57:18	0	14.732	18.96	0.007	12.338
C21:58:18	0	14.614	18.958	0.008	12.33
C21:59:18	0	14.499	18.955	0.007	12.328
C22:00:18	0	14.502	18.952	0.004	12.323
C22:01:18	0	14.644	18.948	0.01	12.323
C22:02:18	0	14.703	18.945	0.007	12.32
C22:03:18	0	14.729	18.942	0.009	12.32
C22:04:18	0	14.806	18.94	0.008	12.321
C22:05:18	0	14.803	18.935	0.008	12.318
C22:06:18	0	14.876	18.931	0.004	12.32
C22:07:18	0	14.952	18.927	0.004	12.318
C22:08:18	0	14.841	18.924	0.015	12.318
C22:09:18	0	14.996	18.92	0.004	12.318
C22:10:18	0	14.905	18.918	0.008	12.318
C22:11:18	0	14.92	18.915	0.015	12.318
C22:12:18	0	14.955	18.911	0.02	12.318
C22:13:18	0	14.914	18.907	0.015	12.318
C22:14:18	0	15.066	18.904	0.012	12.318
C22:15:18	0	15.174	18.901	0.003	12.316
C22:16:18	0	15.159	18.898	0.018	12.316
C22:17:18	0	15.101	18.896	0.01	12.313
C22:18:18	0	14.94	18.893	0.003	12.306
C22:19:18	0	14.823	18.89	0.005	12.309
C22:20:18	0	14.844	18.888	0.015	12.302
C22:21:18	0	14.882	18.883	0.011	12.302
C22:22:18	0	14.97	18.881	0.013	12.302
C22:23:18	0	15.011	18.878	0.012	12.299
C22:24:18	0	15.037	18.874	0.009	12.302
C22:25:18	0	15.022	18.871	0.015	12.297
C22:26:18	0	14.929	18.865	0.009	12.297
C22:27:18	0	14.853	18.859	0.007	12.297
C22:28:18	0	14.803	18.854	0.005	12.297
C22:29:18	0	14.679	18.848	0.012	12.297
C22:30:18	0	14.544	18.841	0.009	12.297
C22:31:18	0	14.514	18.836	0.004	12.297
C22:32:18	0	14.393	18.83	0.01	12.297
C22:33:18	0	14.381	18.824	0.005	12.297
C22:34:18	0	14.381	18.817	0.007	12.297
C22:35:18	0	14.428	18.81	0.002	12.297
C22:36:18	0	14.405	18.801	0.016	12.294
C22:37:18	0	14.449	18.792	0.011	12.294
C22:38:18	0	14.52	18.783	0.007	12.294
C22:39:18	0	14.564	18.775	0.01	12.294
C22:40:18	0	14.419	18.766	0.007	12.292
C22:41:18	0	14.325	18.758	0.01	12.287
C22:42:18	0	14.301	18.753	0.01	12.287
C22:43:18	0	14.325	18.75	0.002	12.287
C22:44:18	0	14.256	18.746	0.006	12.29
C22:45:18	0	14.253	18.743	0.009	12.29
C22:46:18	0	14.256	18.741	0.012	12.282
C22:47:18	0	14.354	18.738	0.01	12.282
C22:48:18	0	14.505	18.736	0.012	12.278
C22:49:18	0	14.55	18.732	0.01	12.283
C22:50:18	0	14.437	18.73	0.01	12.28
C22:51:18	0	14.36	18.727	0.006	12.278
C22:52:18	0	14.39	18.726	0.015	12.278
C22:53:18	0	14.384	18.724	0.01	12.277
C22:54:18	0	14.402	18.722	0.008	12.277
C22:55:18	0	14.467	18.72	0.01	12.277
C22:56:18	0	14.514	18.719	0.008	12.277
C22:57:18	0	14.532	18.717	0.011	12.277
C22:58:18	0	14.538	18.716	0.001	12.277
C22:59:18	0	14.588	18.714	0.007	12.277
C23:00:18	0	14.57	18.713	0.01	12.277
C23:01:18	0	14.588	18.712	0.003	12.277
C23:02:18	0	14.544	18.712	0.004	12.277
C23:03:18	0	14.529	18.71	0.01	12.277
C23:04:18	0	14.52	18.709	0.006	12.275
C23:05:18	0	14.499	18.708	0.012	12.277
C23:06:18	0	14.464	18.708	0.006	12.277
C23:07:18	0	14.476	18.707	0.011	12.273
C23:08:18	0	14.49	18.705	0.006	12.277
C23:09:18	0	14.479	18.702	0.008	12.277
C23:10:18	0	14.455	18.699	0.007	12.275
C23:11:18	0	14.47	18.693	0.008	12.277
C23:12:18	0	14.473	18.687	0.01	12.277
C23:13:18	0	14.496	18.682	0.012	12.277
C23:14:18	0	14.499	18.676	0.009	12.275
C23:15:18	0	14.564	18.668	0.005	12.273
C23:16:18	0	14.538	18.66	0.005	12.275
C23:17:18	0	14.461	18.653	0.016	12.277
C23:18:18	0	14.416	18.645	0.017	12.277
C23:19:18	0	14.473	18.641	0.01	12.273
C23:20:18	0	14.508	18.638	0.003	12.277
C23:21:18	0	14.597	18.636	0.001	12.277
C23:22:18	0	14.517	18.635	0.009	12.277
C23:23:18	0	14.47	18.635	0.006	12.277
C23:24:18	0	14.476	18.634	0.004	12.277
C23:25:18	0	14.479	18.634	0.012	12.275
C23:26:18	0	14.499	18.633	0.008	12.277
C23:27:18	0	14.67	18.63	0.012	12.275
C23:28:18	0	14.803	18.626	0.005	12.277
C23:29:18	0	14.885	18.622	0.007	12.277
C23:30:18	0	14.943	18.615	0.008	12.277
C23:31:18	0	14.888	18.61	0.006	12.277
C23:32:18	0	14.82	18.602	0.014	12.275
C23:33:18	0	14.765	18.595	0.005	12.275
C23:34:18	0	14.688	18.588	0.009	12.277
C23:35:18	0	14.673	18.583	0.003	12.277
C23:36:18	0	14.682	18.579	0.01	12.275
C23:37:18	0	14.688	18.574	0.007	12.277
C23:38:18	0	14.779	18.569	0.006	12.277
C23:39:18	0	14.75	18.564	0.009	12.277
C23:40:18	0	14.835	18.559	0.01	12.277
C23:41:18	0	14.794	18.553	0.004	12.277
C23:42:18	0	14.718	18.547	0.015	12.277
C23:43:18	0	14.685	18.544	0.006	12.275
C23:44:18	0	14.682	18.54	0.008	12.277
C23:45:18	0	14.656	18.535	0.008	12.277
C23:46:18	0	14.653	18.529	0.007	12.275
C23:47:18	0	14.656	18.522	0.012	12.275
C23:48:18	0	14.585	18.516	0.013	12.277
C23:49:18	0	14.629	18.509	0.009	12.277
C23:50:18	0	14.67	18.502	0.006	12.277
C23:51:18	0	14.744	18.495	0.008	12.273
C23:52:18	0	14.697	18.488	0.019	12.273
C23:53:18	0	14.697	18.481	0.009	12.277
C23:54:18	0	14.647	18.476	0.003	12.275
C23:55:18	0	14.532	18.471	0.011	12.277
C23:56:18	0	14.485	18.466	0.009	12.277
C23:57:18	0	14.443	18.463	0.008	12.277
C23:58:18	0	14.449	18.46	0.012	12.275
C23:59:18	0	14.384	18.457	0.007	12.277
