C00:00:18	0	14.393	18.456	0.012	12.273
C00:01:18	0	14.405	18.455	0.01	12.277
C00:02:18	0	14.402	18.454	0.007	12.277
C00:03:18	0	14.304	18.454	0.011	12.277
C00:04:18	0	14.301	18.452	0.01	12.277
C00:05:18	0	14.357	18.452	0.009	12.273
C00:06:18	0	14.298	18.45	0.008	12.277
C00:07:18	0	14.307	18.447	0.012	12.273
C00:08:18	0	14.313	18.446	0.011	12.277
C00:09:18	0	14.313	18.443	0.01	12.277
C00:10:18	0	14.289	18.441	0.008	12.277
C00:11:18	0	14.307	18.437	0.01	12.277
C00:12:18	0	14.372	18.433	0.007	12.277
C00:13:18	0	14.351	18.429	0.008	12.277
C00:14:18	0	14.342	18.424	0.01	12.277
C00:15:18	0	14.259	18.418	0.009	12.277
C00:16:18	0	14.155	18.415	0.012	12.277
C00:17:18	0	14.182	18.411	0.01	12.277
C00:18:19	0	14.253	18.408	0.007	12.277
C00:19:18	0	14.247	18.404	0.01	12.275
C00:20:18	0	14.128	18.399	0.003	12.275
C00:21:18	0	14.191	18.393	0.009	12.277
C00:22:18	0	14.247	18.387	0.004	12.277
C00:23:18	0	14.307	18.379	0.01	12.277
C00:24:18	0	14.253	18.373	0.012	12.277
C00:25:18	0	14.265	18.368	0.004	12.277
C00:26:18	0	14.319	18.363	0.012	12.277
C00:27:18	0	14.2	18.358	0.008	12.275
C00:28:18	0	14.11	18.355	0.012	12.275
C00:29:18	0	14.098	18.353	0.012	12.275
C00:30:18	0	14.11	18.352	0.004	12.275
C00:31:18	0	14.155	18.349	0.004	12.275
C00:32:18	0	14.161	18.348	0.003	12.273
C00:33:18	0	14.152	18.344	0.022	12.277
C00:34:18	0	14.226	18.342	0.006	12.275
C00:35:18	0	14.232	18.339	0.014	12.275
C00:36:18	0	14.289	18.335	0.011	12.277
C00:37:18	0	14.381	18.331	0.01	12.273
C00:38:18	0	14.286	18.326	0.004	12.275
C00:39:18	0	14.271	18.321	0.012	12.277
C00:40:18	0	14.328	18.316	0.005	12.275
C00:41:18	0	14.372	18.312	0.009	12.275
C00:42:18	0	14.425	18.31	0.008	12.275
C00:43:18	0	14.425	18.305	0.017	12.273
C00:44:18	0	14.419	18.301	0.004	12.275
C00:45:18	0	14.342	18.297	0.01	12.275
C00:46:18	0	14.152	18.292	0.004	12.273
C00:47:18	0	14.03	18.282	0.014	12.277
C00:48:18	0	13.994	18.274	0.001	12.27
C00:49:18	0	13.91	18.264	0.012	12.275
C00:50:18	0	13.892	18.256	0.008	12.271
C00:51:18	0	13.919	18.247	0.012	12.27
C00:52:18	0	13.874	18.241	0.006	12.277
C00:53:18	0	13.802	18.237	0.004	12.27
C00:54:18	0	13.778	18.232	0.003	12.27
C00:55:18	0	13.742	18.228	0.005	12.27
C00:56:18	0	13.748	18.225	0.014	12.27
C00:57:18	0	13.657	18.222	0.007	12.271
C00:58:18	0	13.642	18.219	0.012	12.275
C00:59:18	0	13.766	18.215	0.007	12.268
C01:00:18	0	13.651	18.211	0.011	12.271
C01:01:18	0	13.582	18.207	0.012	12.27
C01:02:18	0	13.458	18.201	0.006	12.27
C01:03:18	0	13.388	18.197	0.005	12.261
C01:04:18	0	13.391	18.19	0.009	12.271
C01:05:18	0	13.397	18.184	0.007	12.263
C01:06:18	0	13.3	18.172	0.009	12.261
C01:07:18	0	13.4	18.157	0.012	12.268
C01:08:18	0	13.382	18.143	0.01	12.265
C01:09:18	0	13.318	18.131	0.01	12.273
C01:10:18	0	13.181	18.12	0.013	12.263
C01:11:18	0	13.157	18.108	0.004	12.265
C01:12:18	0	13.102	18.099	0.006	12.261
C01:13:18	0	13.123	18.09	0.008	12.266
C01:14:18	0	13.089	18.082	0.012	12.265
C01:15:18	0	13.05	18.076	0.01	12.261
C01:16:18	0	13.062	18.068	0.007	12.265
C01:17:18	0	13.08	18.06	0.004	12.266
C01:18:18	0	13.114	18.052	0.01	12.261
C01:19:18	0	13.154	18.044	0.01	12.259
C01:20:18	0	13.089	18.036	0.012	12.258
C01:21:18	0	13.022	18.029	0.004	12.259
C01:22:18	0	12.976	18.022	0.007	12.261
C01:23:18	0	12.97	18.014	0.01	12.259
C01:24:18	0	12.933	18.005	0.01	12.259
C01:25:18	0	12.967	17.996	0.01	12.258
C01:26:18	0	12.952	17.985	0.01	12.258
C01:27:18	0	12.948	17.976	0.013	12.259
C01:28:18	0	12.967	17.969	0.002	12.259
C01:29:18	0	13.007	17.96	0.01	12.256
C01:30:18	0	12.976	17.952	0.007	12.258
C01:31:18	0	12.952	17.941	0.007	12.258
C01:32:18	0	12.973	17.933	0.008	12.258
C01:33:18	0	12.991	17.925	0.012	12.258
C01:34:18	0	12.982	17.918	0.004	12.256
C01:35:19	0	13.004	17.91	0.003	12.258
C01:36:18	0	12.982	17.902	0.004	12.258
C01:37:18	0	12.958	17.895	0.007	12.259
C01:38:18	0	12.979	17.887	0.012	12.259
C01:39:18	0	12.991	17.879	0.009	12.258
C01:40:18	0	13.007	17.871	0.01	12.256
C01:41:18	0	13.028	17.863	0.003	12.256
C01:42:18	0	13.047	17.854	0.005	12.256
C01:43:18	0	13.059	17.846	0.013	12.256
C01:44:18	0	13.077	17.836	0.012	12.256
C01:45:18	0	13.059	17.829	0.008	12.256
C01:46:18	0	13.089	17.82	0.011	12.256
C01:47:18	0	13.096	17.811	0.012	12.256
C01:48:18	0	13.016	17.803	0.015	12.258
C01:49:18	0	13.08	17.794	0.012	12.258
C01:50:18	0	13.147	17.786	0.009	12.256
C01:51:18	0	13.019	17.779	0.004	12.256
C01:52:18	0	13.019	17.77	0.011	12.256
C01:53:18	0	13.126	17.762	0.015	12.256
C01:54:18	0	13.031	17.753	0.002	12.256
C01:55:18	0	13.037	17.744	0.009	12.256
C01:56:18	0	13.037	17.736	0.007	12.256
C01:57:18	0	13.102	17.726	0.008	12.256
C01:58:18	0	13.068	17.716	0.011	12.256
C01:59:18	0	12.982	17.708	0.007	12.256
C02:00:18	0	12.958	17.699	0.005	12.256
C02:01:18	0	12.936	17.692	0.008	12.256
C02:02:18	0	12.899	17.682	0.01	12.256
C02:03:18	0	12.896	17.672	0.012	12.256
C02:04:18	0	12.924	17.663	0.008	12.256
C02:05:18	0	12.982	17.653	0.01	12.256
C02:06:18	0	13.031	17.645	0.004	12.256
C02:07:18	0	12.994	17.635	0.005	12.256
C02:08:18	0	12.976	17.624	0.003	12.256
C02:09:18	0	12.918	17.611	0.007	12.256
C02:10:18	0	12.869	17.6	0.01	12.256
C02:11:18	0	12.85	17.586	0.009	12.256
C02:12:18	0	12.798	17.57	0.01	12.256
C02:13:18	0	12.761	17.55	0.002	12.256
C02:14:18	0	12.736	17.526	0.008	12.256
C02:15:18	0	12.718	17.499	0.003	12.256
C02:16:18	0	12.755	17.472	0.008	12.256
C02:17:18	0	12.64	17.442	0.007	12.256
C02:18:18	0	12.745	17.412	0.014	12.256
C02:19:18	0	12.785	17.38	0.012	12.253
C02:20:18	0	12.65	17.357	0.007	12.256
C02:21:18	0	12.594	17.339	0.009	12.256
C02:22:18	0	12.637	17.319	0.013	12.253
C02:23:18	0	12.656	17.301	0.006	12.256
C02:24:18	0	12.745	17.284	0.009	12.256
C02:25:18	0	12.764	17.263	0.008	12.254
C02:26:18	0	12.807	17.242	0.011	12.254
C02:27:18	0	12.813	17.22	0.012	12.256
C02:28:18	0	12.792	17.198	0.008	12.254
C02:29:18	0	12.779	17.175	0.006	12.253
C02:30:18	0	12.788	17.153	0.014	12.256
C02:31:18	0	12.776	17.137	0.015	12.249
C02:32:18	0	12.795	17.123	0.01	12.254
C02:33:18	0	12.825	17.113	0.004	12.254
C02:34:18	0	12.887	17.104	0.015	12.253
C02:35:18	0	12.902	17.098	0.006	12.253
C02:36:18	0	12.939	17.092	0.01	12.254
C02:37:18	0	12.921	17.087	0.011	12.251
C02:38:18	0	12.881	17.081	0.013	12.253
C02:39:18	0	12.856	17.074	0.006	12.251
C02:40:18	0	12.844	17.067	0.009	12.247
C02:41:18	0	12.822	17.058	0.011	12.253
C02:42:18	0	12.776	17.047	0.009	12.246
C02:43:18	0	12.764	17.033	0.009	12.246
C02:44:18	0	12.711	17.018	0.005	12.253
C02:45:18	0	12.724	17.002	0.004	12.247
C02:46:18	0	12.684	16.984	0.014	12.244
C02:47:18	0	12.64	16.965	0.004	12.244
C02:48:18	0	12.606	16.946	0.008	12.242
C02:49:18	0	12.585	16.93	0.01	12.247
C02:50:18	0	12.578	16.915	0.018	12.244
C02:51:18	0	12.557	16.9	0.012	12.241
C02:52:18	0	12.547	16.885	0.009	12.241
C02:53:18	0	12.6	16.874	0.015	12.244
C02:54:18	0	12.581	16.861	0.01	12.241
C02:55:18	0	12.606	16.846	0.013	12.242
C02:56:18	0	12.532	16.832	0.007	12.237
C02:57:18	0	12.46	16.82	0.009	12.246
C02:58:18	0	12.482	16.812	0.009	12.239
C02:59:18	0	12.495	16.804	0.01	12.235
C03:00:18	0	12.51	16.798	0.007	12.237
C03:01:18	0	12.47	16.793	0.008	12.241
C03:02:18	0	12.454	16.784	0.009	12.237
C03:03:18	0	12.69	16.776	0.01	12.237
C03:04:18	0	12.835	16.765	0.011	12.237
C03:05:18	0	13.028	16.755	0.009	12.235
C03:06:18	0	12.915	16.745	0.01	12.239
C03:07:18	0	12.699	16.736	0.007	12.237
C03:08:18	0	12.677	16.726	0.01	12.237
C03:09:18	0	12.81	16.713	0.006	12.237
C03:10:18	0	12.807	16.698	0.012	12.235
C03:11:18	0	12.832	16.683	0.01	12.239
C03:12:18	0	12.865	16.668	0.011	12.235
C03:13:18	0	12.81	16.652	0.008	12.235
C03:14:18	0	12.764	16.634	0.011	12.235
C03:15:18	0	12.711	16.617	0.012	12.235
C03:16:18	0	12.776	16.604	0.012	12.235
C03:17:18	0	12.755	16.593	0.012	12.235
C03:18:18	0	12.646	16.581	0.004	12.235
C03:19:18	0	12.473	16.567	0.012	12.235
C03:20:18	0	12.38	16.553	0.006	12.235
C03:21:18	0	12.398	16.54	0.015	12.235
C03:22:18	0	12.504	16.527	0.007	12.235
C03:23:18	0	12.442	16.512	0.001	12.235
C03:24:18	0	12.529	16.496	0.011	12.235
C03:25:18	0	12.755	16.479	0.006	12.235
C03:26:18	0	12.844	16.458	0.01	12.235
C03:27:18	0	12.792	16.438	0.018	12.235
C03:28:18	0	12.665	16.417	0.007	12.235
C03:29:18	0	12.653	16.397	0.005	12.235
C03:30:18	0	12.532	16.376	0.012	12.235
C03:31:18	0	12.464	16.357	0.011	12.235
C03:32:18	0	12.547	16.337	0.007	12.235
C03:33:18	0	12.591	16.318	0.016	12.235
C03:34:18	0	12.696	16.299	0.01	12.235
C03:35:18	0	12.844	16.284	0.008	12.235
C03:36:18	0	12.711	16.273	0.012	12.235
C03:37:18	0	12.544	16.263	0.009	12.235
C03:38:18	0	12.445	16.255	0.006	12.235
C03:39:18	0	12.364	16.246	0.011	12.235
C03:40:18	0	12.398	16.239	0.01	12.235
C03:41:18	0	12.37	16.233	0.006	12.235
C03:42:18	0	12.261	16.229	0.011	12.235
C03:43:18	0	12.18	16.226	0.006	12.235
C03:44:18	0	12.311	16.227	0.011	12.235
C03:45:18	0	12.373	16.229	0.005	12.234
C03:46:18	0	12.451	16.232	0.005	12.235
C03:47:18	0	12.554	16.236	0.005	12.235
C03:48:19	0	12.637	16.241	0.007	12.235
C03:49:18	0	12.736	16.247	0.017	12.235
C03:50:18	0	12.856	16.255	0.008	12.235
C03:51:18	0	12.964	16.261	0.015	12.235
C03:52:18	0	13.028	16.267	0.007	12.234
C03:53:18	0	13.092	16.271	0.007	12.234
C03:54:18	0	12.994	16.271	0.003	12.234
C03:55:18	0	12.915	16.27	0.004	12.234
C03:56:18	0	12.936	16.266	0.007	12.234
C03:57:18	0	12.844	16.261	0.007	12.23
C03:58:18	0	12.662	16.255	0.012	12.234
C03:59:18	0	12.544	16.248	0.012	12.23
C04:00:18	0	12.544	16.242	0.009	12.23
C04:01:18	0	12.569	16.237	0.007	12.234
C04:02:18	0	12.557	16.23	0.008	12.232
C04:03:18	0	12.659	16.22	0.006	12.232
C04:04:18	0	12.631	16.212	0.007	12.23
C04:05:18	0	12.594	16.204	0.004	12.23
C04:06:18	0	12.637	16.197	0.009	12.229
C04:07:18	0	12.643	16.19	0.01	12.227
C04:08:18	0	12.634	16.184	0.011	12.227
C04:09:18	0	12.714	16.178	0.003	12.223
C04:10:19	0	12.878	16.172	0.018	12.225
C04:11:18	0	12.813	16.164	0.007	12.222
C04:12:18	0	12.795	16.155	0.007	12.22
C04:13:18	0	12.835	16.147	0.004	12.222
C04:14:18	0	12.865	16.139	0.009	12.218
C04:15:18	0	12.921	16.131	0.018	12.222
C04:16:18	0	12.985	16.127	0.015	12.218
C04:17:18	0	12.964	16.12	0.007	12.22
C04:18:18	0	13.037	16.112	0.012	12.218
C04:19:18	0	13.111	16.105	0.01	12.215
C04:20:18	0	13.154	16.099	0.01	12.217
C04:21:18	0	13.111	16.093	0.001	12.215
C04:22:18	0	12.948	16.088	0.007	12.218
C04:23:18	0	12.832	16.083	0.007	12.217
C04:24:18	0	12.819	16.078	0.004	12.215
C04:25:18	0	12.773	16.071	0.003	12.215
C04:26:18	0	12.711	16.065	0.008	12.215
C04:27:18	0	12.659	16.06	0.004	12.215
C04:28:18	0	12.616	16.053	0.007	12.215
C04:29:18	0	12.628	16.047	0.008	12.217
C04:30:18	0	12.792	16.041	0.012	12.215
C04:31:18	0	12.733	16.035	0.006	12.215
C04:32:18	0	12.751	16.029	0.013	12.215
C04:33:18	0	12.785	16.023	0.009	12.215
C04:34:18	0	12.822	16.016	0.004	12.215
C04:35:18	0	12.909	16.008	0.015	12.215
C04:36:18	0	12.998	16.002	0.007	12.215
C04:37:18	0	13.016	15.992	0.008	12.215
C04:38:18	0	13.111	15.985	0.008	12.215
C04:39:18	0	13.108	15.977	0.004	12.215
C04:40:18	0	13.141	15.97	0.008	12.213
C04:41:18	0	13.181	15.962	0.007	12.211
C04:42:18	0	13.065	15.954	0.01	12.213
C04:43:18	0	12.939	15.947	0.006	12.21
C04:44:18	0	12.915	15.941	0.009	12.206
C04:45:18	0	12.853	15.936	0.015	12.21
C04:46:18	0	12.816	15.93	0.008	12.211
C04:47:18	0	12.832	15.925	0.008	12.203
C04:48:18	0	12.798	15.919	0.011	12.21
C04:49:18	0	12.699	15.914	0.007	12.206
C04:50:18	0	12.616	15.91	0.007	12.208
C04:51:18	0	12.597	15.907	0.003	12.205
C04:52:18	0	12.516	15.906	0.007	12.205
C04:53:18	0	12.538	15.905	0.007	12.203
C04:54:18	0	12.535	15.907	0.007	12.199
C04:55:18	0	12.526	15.91	0.008	12.199
C04:56:18	0	12.585	15.917	0.005	12.203
C04:57:18	0	12.637	15.924	0.009	12.196
C04:58:18	0	12.606	15.931	0.012	12.198
C04:59:18	0	12.569	15.935	0.011	12.203
D05:00:18	8.457	12.566	15.937	0.006	12.196
D05:01:18	8.444	12.557	15.939	0.004	12.194
D05:02:19	8.431	12.566	15.939	0.014	12.194
D05:03:18	8.379	12.581	15.939	0.011	12.194
D05:04:18	8.333	12.603	15.939	0.004	12.194
D05:05:18	8.398	12.671	15.939	0.006	12.194
D05:06:18	8.496	12.724	15.939	0.015	12.198
D05:07:18	8.632	12.776	15.939	0.007	12.194
D05:08:18	8.827	12.789	15.936	0.003	12.194
D05:09:18	8.904	12.758	15.934	0.012	12.194
D05:10:19	9.028	12.755	15.929	0.009	12.194
D05:11:18	9.19	12.912	15.923	0.004	12.194
D05:12:18	9.372	12.881	15.918	0.006	12.196
D05:13:18	9.488	12.813	15.912	0.005	12.194
D05:14:18	9.469	12.727	15.906	0.008	12.194
D05:15:18	9.391	12.616	15.9	0.01	12.194
D05:16:18	9.398	12.572	15.893	0.007	12.194
D05:17:18	9.469	12.519	15.888	0.011	12.194
D05:18:18	9.579	12.538	15.885	0.009	12.193
D05:19:18	9.69	12.55	15.881	0.015	12.194
D05:20:18	9.806	12.591	15.878	0.004	12.194
D05:21:18	9.91	12.739	15.877	0.001	12.194
E05:22:18	10.027	12.684	15.874	0.011	12.194
E05:23:18	10.144	12.748	15.872	0.018	12.193
E05:24:18	10.397	12.893	15.87	0.008	12.194
E05:25:18	10.481	12.967	15.869	0.016	12.194
E05:26:18	10.676	13.178	15.869	0.015	12.194
E05:27:18	10.857	13.403	15.872	0.007	12.193
E05:28:18	10.773	13.19	15.874	0.003	12.193
E05:29:18	10.527	12.878	15.876	0.016	12.189
E05:30:18	10.28	12.674	15.877	0.018	12.191
E05:31:18	10.267	12.73	15.88	0.026	12.193
E05:32:18	10.17	12.819	15.884	0.044	12.191
E05:33:18	10.28	12.97	15.887	0.075	12.182
E05:34:18	10.507	13.163	15.889	0.147	12.187
E05:35:18	10.572	13.202	15.89	0.217	12.193
E05:36:18	10.734	13.361	15.893	0.319	12.186
E05:37:18	10.832	13.26	15.898	0.475	12.187
E05:38:18	10.799	13.212	15.902	0.678	12.187
E05:39:18	10.935	13.266	15.907	0.901	12.179
E05:40:18	11.007	13.282	15.911	1.139	12.181
E05:41:18	11.143	13.303	15.913	1.453	12.181
E05:42:18	11.221	13.352	15.917	1.887	12.181
E05:43:18	11.279	13.294	15.92	2.711	12.179
E05:44:18	11.662	13.4	15.923	3.921	12.175
E05:45:18	11.604	13.202	15.924	4.141	12.175
E05:46:19	11.364	13.102	15.926	3.845	12.181
E05:47:18	11.305	12.994	15.927	4.104	12.175
E05:48:18	11.318	12.964	15.929	4.646	12.174
E05:49:18	11.312	12.878	15.929	4.995	12.175
E05:50:18	11.37	12.902	15.929	5.474	12.179
E05:51:18	11.597	12.865	15.929	6.165	12.174
E05:52:19	11.947	12.881	15.93	7.01	12.179
E05:53:18	12.395	12.973	15.93	7.818	12.177
E05:54:18	12.726	13.01	15.931	8.203	12.174
E05:55:19	13.096	12.927	15.93	8.848	12.174
E05:56:19	13.745	12.915	15.929	9.813	12.175
F05:57:18	14.446	12.899	15.929	10.77	12.174
F05:58:18	15.27	12.899	15.929	11.71	12.174
F05:59:18	15.879	12.905	15.931	12.409	12.174
F06:00:18	16.301	12.875	15.932	12.478	12.177
F06:01:18	16.729	12.859	15.935	12.482	12.179
F06:02:18	17.203	12.905	15.94	12.484	12.189
F06:03:18	17.755	12.936	15.946	12.489	12.194
F06:04:18	18.436	12.905	15.954	12.497	12.194
F06:05:18	19.227	12.921	15.962	12.5	12.199
F06:06:18	20.279	12.991	15.97	12.506	12.21
F06:07:18	21.349	13.129	15.978	12.511	12.215
F06:08:18	22.193	13.178	15.983	12.521	12.222
F06:09:18	23.127	13.218	15.99	12.529	12.235
F06:10:18	24.717	13.19	15.998	12.541	12.241
F06:11:18	26.488	13.037	16.006	12.557	12.258
F06:12:18	28.227	13.117	16.014	12.579	12.28
F06:13:18	30.413	13.288	16.021	12.607	12.308
F06:14:18	32.963	13.485	16.029	12.638	12.335
F06:15:18	36.22	13.515	16.035	12.675	12.368
F06:16:18	40.665	13.385	16.044	12.723	12.421
F06:17:18	45.174	13.3	16.054	12.783	12.481
F06:18:18	49.346	13.263	16.065	12.853	12.549
F06:19:18	52.104	13.263	16.078	12.934	12.63
F06:20:18	53.791	13.306	16.091	13.042	12.733
F06:21:18	56.224	13.47	16.105	13.195	12.889
F06:22:18	57.171	13.479	16.119	13.378	13.068
F06:23:18	57.775	13.558	16.13	13.577	13.267
F06:24:18	58.339	13.6	16.142	15.163	13.263
F06:25:18	59.306	13.606	16.154	14.939	13.294
F06:26:18	61.947	13.724	16.169	14.628	13.282
F06:27:18	66.819	13.889	16.183	15.621	13.281
F06:28:18	69.804	13.928	16.199	15.581	13.26
F06:29:18	69.616	13.793	16.214	16.074	13.207
F06:30:18	69.797	13.76	16.231	17.377	13.215
F06:31:18	70.608	13.796	16.245	15.925	13.27
F06:32:18	72.101	13.805	16.263	16.777	13.279
F06:33:18	74.3	13.715	16.28	17.348	13.262
F06:34:18	75.196	13.681	16.299	17.107	13.286
F06:35:18	76.772	13.715	16.319	17.53	13.229
F06:36:18	80.99	13.802	16.34	16.768	13.274
F06:37:18	88.834	13.868	16.36	16.695	13.287
F06:38:18	98.19	13.82	16.38	18.68	13.282
G06:39:18	103.238	13.871	16.401	18.929	13.253
G06:40:18	100.948	13.892	16.422	17.512	13.205
F06:41:18	97.866	13.886	16.444	18.245	13.19
F06:42:18	96.912	13.931	16.467	17.475	13.179
F06:43:18	94.635	14.012	16.491	18.995	13.183
F06:44:18	93.441	14.054	16.513	17.325	13.193
F06:45:18	94.447	14.203	16.537	18.308	13.217
F06:46:18	95.115	14.313	16.56	19.178	13.251
F06:47:18	96.263	14.292	16.584	17.708	13.267
F06:48:18	98.787	14.256	16.609	18.697	13.263
G06:49:18	102.544	14.259	16.636	18.727	13.284
G06:50:18	104.724	14.224	16.661	18.017	13.262
G06:51:18	103.77	14.146	16.685	19.004	13.243
G06:52:18	104.017	14.206	16.711	17.898	13.244
G06:53:18	104.023	14.107	16.739	18.732	13.248
G06:54:18	104.147	14.14	16.767	18.956	13.267
G06:55:18	104.212	14.185	16.796	18.702	13.268
G06:56:18	104.108	14.125	16.823	18.732	13.251
G06:57:18	103.388	14.116	16.85	19.276	13.232
G06:58:18	102.602	14.054	16.877	19.526	13.251
G06:59:18	101.091	13.922	16.903	18.651	13.258
F07:00:18	99.572	13.922	16.93	18.845	13.265
G07:01:18	100.273	13.931	16.956	18.843	13.253
G07:02:18	101.201	13.928	16.982	18.765	13.268
G07:03:18	100.014	14.071	17.007	18.385	13.239
G07:04:18	100.241	14.152	17.032	18.637	13.214
G07:05:18	103.55	14.122	17.057	19.166	13.244
G07:06:18	108.02	14.104	17.08	18.517	13.265
G07:07:18	109.318	14.322	17.103	18.927	13.279
G07:08:18	112.854	14.482	17.128	19.083	13.256
G07:09:18	118.447	14.57	17.152	18.664	13.253
G07:10:18	129.055	14.597	17.176	19.604	13.26
G07:11:18	140.092	14.461	17.199	19.683	13.255
G07:12:18	149.357	14.488	17.222	19.631	13.243
G07:13:18	155.644	14.609	17.246	19.767	13.215
G07:14:18	168.835	14.665	17.271	19.945	13.226
G07:15:18	170.996	14.77	17.296	19.217	13.26
G07:16:18	225.984	15.214	17.324	19.647	13.226
G07:17:18	230.41	15.539	17.352	19.694	13.186
G07:18:18	260.463	15.732	17.38	19.719	13.239
G07:19:18	285.229	16.303	17.415	19.636	13.215
G07:20:18	174.298	15.969	17.447	19.715	13.227
G07:21:18	191.421	15.654	17.48	19.368	13.227
G07:22:18	211.626	15.815	17.51	19.456	13.244
G07:23:18	171.95	15.608	17.542	19.535	13.22
G07:24:18	159.492	15.272	17.574	19.636	13.191
G07:25:18	177.666	15.095	17.608	19.743	13.183
G07:26:18	185.601	15.313	17.64	19.306	13.226
G07:27:18	170.289	15.38	17.671	19.371	13.226
G07:28:18	179.249	15.339	17.704	19.443	13.236
G07:29:18	201.342	15.487	17.737	19.378	13.263
H07:30:18	213.073	15.426	17.77	19.511	13.25
H07:31:18	203.269	15.389	17.804	19.856	13.248
H07:32:18	187.723	15.345	17.838	19.215	13.2
G07:33:18	163.301	15.241	17.873	19.226	13.224
G07:34:18	139.982	15.069	17.907	19.383	13.196
G07:35:18	122.768	15.046	17.942	18.509	13.267
G07:36:18	117.188	15.049	17.977	18.772	13.246
G07:37:18	119.796	15.008	18.013	18.738	13.222
G07:38:18	122.178	14.917	18.043	19.134	13.222
G07:39:18	118.947	15.191	18.074	18.875	13.234
H07:40:18	118.972	15.264	18.105	18.334	13.217
H07:41:18	118.09	15.284	18.135	18.385	13.214
H07:42:18	115.949	15.151	18.163	19.216	13.186
H07:43:18	117.688	15.162	18.189	18.976	13.198
H07:44:18	124.585	15.127	18.217	19.113	13.227
H07:45:18	128.958	15.261	18.243	18.878	13.255
H07:46:18	129.743	15.165	18.27	18.824	13.229
H07:47:18	125.668	15.133	18.298	19.045	13.208
H07:48:18	123.125	15.185	18.322	19.323	13.171
H07:49:18	116.799	15.217	18.348	18.522	13.188
H07:50:18	108.15	15.258	18.372	18.545	13.26
H07:51:18	101.921	15.342	18.397	18.763	13.274
G07:52:18	98.593	15.258	18.42	18.738	13.244
H07:53:18	101.253	15.162	18.443	18.168	13.231
H07:54:18	102.343	14.993	18.466	18.634	13.231
H07:55:18	100.332	14.946	18.486	18.752	13.214
H07:56:18	100.286	14.864	18.507	18.57	13.215
H07:57:18	102.135	14.955	18.526	18.571	13.2
G07:58:18	102.778	15.06	18.545	18.845	13.219
F07:59:18	99.786	15.069	18.562	18.83	13.222
F08:00:18	98.184	15.206	18.579	18.525	13.203
F08:01:18	99.923	15.124	18.595	17.597	13.21
G08:02:18	100.5	15.084	18.611	18.749	13.21
G08:03:18	101.201	15.212	18.625	18.874	13.21
G08:04:18	108.234	15.142	18.642	18.83	13.219
G08:05:18	116.429	15.232	18.657	18.792	13.265
G08:06:18	118.797	15.276	18.672	19.045	13.268
G08:07:18	114.21	15.31	18.685	19.23	13.229
G08:08:18	106.697	15.426	18.699	19.069	13.162
F08:09:18	97.535	15.64	18.714	18.193	13.241
F08:10:18	88.964	15.608	18.727	18.087	13.26
F08:11:18	84.072	15.322	18.741	18.201	13.238
F08:12:18	83.241	15.183	18.754	18.741	13.215
F08:13:18	87.426	15.235	18.766	18.391	13.214
F08:14:18	96.756	15.331	18.778	18.2	13.248
G08:15:18	108.799	15.432	18.791	18.78	13.275
G08:16:18	115.404	15.412	18.803	19.031	13.256
G08:17:18	115.592	15.51	18.817	18.972	13.243
G08:18:18	114.444	15.585	18.83	19.125	13.25
G08:19:18	113.483	15.743	18.84	18.689	13.244
G08:20:18	112.491	15.706	18.852	19.192	13.251
G08:21:18	108.838	15.646	18.863	18.827	13.222
G08:22:18	101.765	15.815	18.875	19.212	13.188
F08:23:18	94.745	15.938	18.887	18.682	13.159
F08:24:18	91.696	15.849	18.9	18.464	13.251
F08:25:18	92.007	15.697	18.911	18.59	13.258
F08:26:18	90.982	15.533	18.921	18.14	13.253
F08:27:18	86.472	15.536	18.932	18.614	13.219
F08:28:18	82.145	15.464	18.943	18.899	13.193
F08:29:18	79.465	15.27	18.953	18.22	13.172
F08:30:18	79.413	15.057	18.963	18.717	13.157
F08:31:18	84.208	14.858	18.972	18.547	13.155
F08:32:18	94.265	15.046	18.979	18.67	13.178
G08:33:18	107.806	15.153	18.988	18.92	13.231
H08:34:18	122.768	15.302	18.995	19.066	13.268
H08:35:18	137.133	15.392	19.002	19.045	13.26
H08:36:18	149.753	15.371	19.008	19.041	13.258
H08:37:18	159.609	15.316	19.017	19.316	13.267
H08:38:18	172.053	15.307	19.026	18.98	13.236
H08:39:18	193.095	15.435	19.036	19.6	13.239
H08:40:18	211.671	15.64	19.047	19.612	13.265
H08:41:18	222.805	15.815	19.059	19.827	13.219
H08:42:18	235.152	15.927	19.073	20.12	13.215
H08:43:18	248.46	15.815	19.087	19.938	13.248
H08:44:18	253.463	15.824	19.102	20.099	13.275
H08:45:18	239.415	15.784	19.12	19.609	13.267
H08:46:18	210.127	15.838	19.137	19.819	13.268
H08:47:18	187.976	15.818	19.157	19.373	13.198
H08:48:18	171.483	15.617	19.179	19.173	13.159
H08:49:18	155.378	15.562	19.199	19.234	13.219
H08:50:18	144.374	15.504	19.219	19.54	13.267
H08:51:18	138.373	15.435	19.239	19.252	13.219
H08:52:18	138.665	15.4	19.258	19.07	13.186
H08:53:18	147.871	15.516	19.277	18.946	13.164
H08:54:18	161.769	15.692	19.296	19.672	13.188
H08:55:18	177.257	15.867	19.316	19.747	13.22
H08:56:18	197.423	15.91	19.335	19.745	13.248
H08:57:18	210.678	15.812	19.357	19.773	13.244
H08:58:18	201.446	16.01	19.379	19.559	13.234
H08:59:18	188.391	16.166	19.402	19.359	13.246
H09:00:18	182.214	16.255	19.425	19.527	13.207
H09:01:18	168.433	16.274	19.449	19.324	13.167
H09:02:18	152.335	16.158	19.473	19.355	13.14
H09:03:18	141.026	15.947	19.497	19.232	13.179
H09:04:18	125.474	15.821	19.521	19.059	13.232
H09:05:18	110.674	15.766	19.543	19.09	13.195
G09:06:18	105.905	15.818	19.564	18.928	13.157
G09:07:18	105.049	15.841	19.583	18.698	13.15
G09:08:18	105.256	15.904	19.601	18.555	13.123
G09:09:18	105.671	15.938	19.618	18.436	13.138
H09:10:19	105.749	16.047	19.634	18.729	13.238
H09:11:18	105.178	16.138	19.65	18.725	13.231
H09:12:18	104.562	16.127	19.665	18.348	13.226
F09:13:18	99.657	16.072	19.68	18.625	13.227
F09:14:18	93.045	15.938	19.692	18.778	13.196
F09:15:18	87.88	15.597	19.707	18.836	13.172
F09:16:18	85.285	15.7	19.719	18.636	13.172
F09:17:18	87.887	15.815	19.73	18.428	13.157
H09:18:18	101.318	15.844	19.741	18.749	13.164
H09:19:18	119.68	15.786	19.75	19.144	13.208
H09:20:18	128.926	15.804	19.759	19.09	13.248
H09:21:18	127.401	15.637	19.766	19.061	13.239
H09:22:18	127.79	15.478	19.773	19.546	13.236
H09:23:18	135.745	15.539	19.779	19.776	13.239
H09:24:18	145.341	15.559	19.784	19.682	13.255
H09:25:18	157.585	15.628	19.79	19.731	13.256
H09:26:18	191.992	15.651	19.796	20.111	13.241
H09:27:18	257.206	15.849	19.802	20.482	13.227
H09:28:18	288.889	15.953	19.807	20.431	13.232
H09:29:18	299.938	16.018	19.814	20.579	13.238
H09:30:18	334.086	15.987	19.822	20.623	13.162
H09:31:18	328.773	16.038	19.831	20.399	13.128
H09:32:18	306.187	15.818	19.842	20.044	13.19
H09:33:18	312.072	15.706	19.854	20.191	13.244
H09:34:18	322.018	15.97	19.867	20.358	13.22
H09:35:18	318.521	16.365	19.883	20.408	13.171
H09:36:18	290.271	16.591	19.898	20.265	13.123
H09:37:18	262.546	16.659	19.913	20.118	13.212
H09:38:18	242.997	16.783	19.929	20.021	13.191
H09:39:18	227.996	16.741	19.945	20.115	13.183
H09:40:18	213.968	16.704	19.962	20.012	13.142
H09:41:18	200.064	16.166	19.979	19.843	13.128
H09:42:18	183.681	15.901	19.996	19.249	13.135
H09:43:18	163.119	15.818	20.014	19.376	13.226
H09:44:18	142.032	16.058	20.03	19.446	13.222
H09:45:18	121.166	16.081	20.045	19.182	13.191
H09:46:18	105.204	15.973	20.058	18.984	13.159
H09:47:18	100.228	15.815	20.07	18.529	13.135
H09:48:18	103.926	15.723	20.08	19.443	13.121
H09:49:18	115.508	15.646	20.088	19.374	13.128
H09:50:19	136.011	15.651	20.095	19.331	13.129
H09:51:18	160.128	15.674	20.101	19.949	13.154
H09:52:18	184.758	15.545	20.106	19.79	13.193
H09:53:18	205.306	15.461	20.109	20.246	13.229
H09:54:18	220.385	15.542	20.114	20.29	13.234
H09:55:18	236.158	15.68	20.118	20.278	13.222
H09:56:18	262.89	15.68	20.123	20.283	13.203
H09:57:18	280.026	15.654	20.128	20.251	13.181
H09:58:18	291.958	15.775	20.134	20.09	13.183
H09:59:18	293.366	15.921	20.141	20.317	13.183
H10:00:18	270.527	16.041	20.15	19.809	13.183
H10:01:18	236.32	16.144	20.16	20.201	13.181
H10:02:18	212.599	16.243	20.172	20.209	13.162
H10:03:18	200.79	16.175	20.184	19.767	13.172
H10:04:18	208.576	16.135	20.197	20.083	13.143
H10:05:18	234.426	16.124	20.21	20.282	13.15
H10:06:18	273.401	16.277	20.223	20.287	13.183
H10:07:18	314.803	16.351	20.239	20.21	13.186
H10:08:18	342.359	16.212	20.254	20.23	13.22
H10:09:18	329.019	16.297	20.271	20.093	13.208
H10:10:18	310.988	16.557	20.288	20.298	13.152
H10:11:18	327.131	16.861	20.306	20.26	13.124
H10:12:18	409.669	17.032	20.326	20.535	13.126
H10:13:18	398.937	17.107	20.348	20.405	13.121
H10:14:18	378.051	17.001	20.371	20.058	13.169
H10:15:18	378.596	16.886	20.396	20.309	13.229
H10:16:18	392.838	16.816	20.424	20.195	13.195
H10:17:18	394.097	16.763	20.458	20.224	13.16
H10:18:18	365.717	16.766	20.491	20.13	13.162
H10:19:18	329	16.555	20.526	20.015	13.167
H10:20:18	298.076	16.56	20.564	19.33	13.231
H10:21:18	270.313	16.501	20.604	19.56	13.219
H10:22:18	260.665	16.552	20.648	19.798	13.183
H10:23:18	258.134	16.512	20.687	19.692	13.164
H10:24:18	258.815	16.76	20.73	19.475	13.162
H10:25:18	257.771	16.858	20.774	19.595	13.176
H10:26:18	261.605	16.867	20.819	19.67	13.157
H10:27:18	265.888	16.892	20.864	19.615	13.155
H10:28:18	254.053	16.816	20.908	19.719	13.152
H10:29:18	246.78	17.029	20.951	19.773	13.159
H10:30:18	244.457	17.015	20.995	19.761	13.142
H10:31:18	225.731	17.04	21.039	19.562	13.138
H10:32:18	186.127	16.889	21.079	19.205	13.123
H10:33:18	156.54	16.951	21.117	19.197	13.117
H10:34:18	133.779	16.766	21.152	19.081	13.109
H10:35:18	117.13	16.676	21.184	18.889	13.133
H10:36:18	109.48	16.634	21.214	18.56	13.128
H10:37:18	109.117	16.636	21.239	18.571	13.148
H10:38:18	110.745	16.532	21.261	19.015	13.157
H10:39:18	111.186	16.495	21.282	18.612	13.16
H10:40:18	107.793	16.354	21.302	18.782	13.162
H10:41:18	102.7	16.118	21.319	18.682	13.162
G10:42:18	98.962	16.192	21.334	18.992	13.16
G10:43:18	95.595	16.229	21.349	18.981	13.16
G10:44:18	93.876	16.306	21.362	18.84	13.162
G10:45:18	97.671	16.447	21.374	18.837	13.157
H10:46:18	107.242	16.682	21.384	19.271	13.159
H10:47:18	125.104	16.529	21.39	19.183	13.172
H10:48:18	149.266	16.36	21.397	19.771	13.215
H10:49:18	173.922	16.169	21.403	19.792	13.234
H10:50:18	192.148	16.015	21.408	20.064	13.224
H10:51:18	202.36	15.941	21.412	20.095	13.217
H10:52:18	223.11	15.924	21.415	20.252	13.19
H10:53:18	251.315	15.91	21.418	20.298	13.183
H10:54:18	259.049	15.761	21.419	20.401	13.183
H10:55:18	260.567	15.827	21.42	20.364	13.183
H10:56:18	271.941	16.07	21.42	20.504	13.21
H10:57:18	291.945	16.291	21.421	20.561	13.205
H10:58:18	309.703	16.445	21.42	20.534	13.219
H10:59:18	318.158	16.622	21.42	20.397	13.179
H11:00:18	322.518	16.743	21.422	20.488	13.155
H11:01:18	324.036	16.83	21.425	20.306	13.14
H11:02:18	320.104	16.853	21.428	20.396	13.123
H11:03:18	316.36	16.693	21.433	20.383	13.121
H11:04:18	317.295	16.617	21.438	20.447	13.111
H11:05:18	320.831	16.58	21.443	20.322	13.105
H11:06:18	322.466	16.382	21.449	20.416	13.102
H11:07:18	328.202	16.433	21.454	20.358	13.099
H11:08:18	336.864	16.603	21.458	20.443	13.121
H11:09:18	345.636	16.425	21.463	20.31	13.088
H11:10:18	347.199	16.402	21.469	20.328	13.081
H11:11:18	338.615	16.498	21.476	20.353	13.171
H11:12:18	329.331	16.507	21.483	20.377	13.196
H11:13:18	326.547	16.718	21.491	20.235	13.208
H11:14:18	326.099	16.836	21.498	20.068	13.224
H11:15:18	322.122	16.954	21.506	20.215	13.195
H11:16:18	305.505	16.99	21.511	20.38	13.152
H11:17:18	288.72	16.965	21.518	20.158	13.124
H11:18:18	296.337	16.622	21.522	20.378	13.111
H11:19:18	331.348	16.28	21.527	20.526	13.1
H11:20:18	384.131	16.275	21.532	20.547	13.1
H11:21:18	431.742	16.365	21.538	20.616	13.105
H11:22:18	378.48	16.487	21.547	20.516	13.104
H11:23:18	334.307	16.693	21.555	20.224	13.102
H11:24:18	305.979	16.659	21.564	20.161	13.099
H11:25:18	293.547	16.659	21.573	20.078	13.154
H11:26:18	291.075	16.769	21.582	19.869	13.202
H11:27:18	302.819	16.529	21.59	19.82	13.214
H11:28:18	340.14	16.495	21.601	20.371	13.205
H11:29:18	388.582	16.687	21.612	20.441	13.164
H11:30:18	431.69	17.121	21.625	20.452	13.183
H11:31:18	468.512	17.407	21.642	20.524	13.155
H11:32:18	534.472	17.507	21.657	20.551	13.162
H11:33:18	584.173	17.651	21.674	20.621	13.164
H11:34:18	494.971	17.794	21.693	20.435	13.162
H11:35:18	412.641	17.513	21.713	20.257	13.19
H11:36:18	399.904	17.252	21.737	20.372	13.155
H11:37:18	410.597	16.998	21.76	20.431	13.143
H11:38:18	447.159	16.797	21.785	20.522	13.143
H11:39:18	436.771	17.149	21.811	20.43	13.143
H11:40:18	433.124	17.554	21.837	20.376	13.142
H11:41:19	395.012	17.756	21.862	20.174	13.14
H11:42:18	364.659	17.703	21.886	20.146	13.129
H11:43:18	343.962	17.689	21.909	20.028	13.121
H11:44:18	315.835	17.385	21.931	20.048	13.169
H11:45:18	273.816	17.319	21.953	19.809	13.114
H11:46:18	238.805	17.093	21.976	19.752	13.093
H11:47:18	220.82	16.839	22.002	19.648	13.081
H11:48:18	222.221	16.639	22.027	19.216	13.138
H11:49:18	237.871	16.743	22.052	19.949	13.2
H11:50:18	266.569	16.735	22.075	20.175	13.224
H11:51:18	294.495	16.853	22.099	20.205	13.217
H11:52:18	315.738	17.04	22.121	20.256	13.179
H11:53:18	323.485	16.99	22.141	20.143	13.174
H11:54:18	316.613	17.274	22.162	20.143	13.14
H11:55:18	304.24	17.568	22.182	20.034	13.145
H11:56:18	295.059	17.78	22.204	20.016	13.114
H11:57:18	279.941	17.75	22.225	19.841	13.104
H11:58:18	264.064	17.634	22.245	19.805	13.088
H11:59:18	261.112	17.43	22.266	19.836	13.081
H12:00:18	261.274	17.266	22.287	20.036	13.092
H12:01:18	249.855	17.06	22.308	19.709	13.19
H12:02:18	237.294	16.819	22.328	19.617	13.203
H12:03:18	231.61	17.035	22.349	19.638	13.183
H12:04:18	226.075	17.132	22.368	19.65	13.167
H12:05:18	202.893	17.363	22.386	19.45	13.162
H12:06:18	181.105	17.358	22.402	19.598	13.145
H12:07:18	160.245	17.363	22.415	19.529	13.143
H12:08:18	143.005	17.33	22.423	19.249	13.121
H12:09:18	137.49	17.305	22.429	19.226	13.102
H12:10:18	145.614	16.996	22.432	19.541	13.099
H12:11:18	174.221	16.752	22.433	19.58	13.111
H12:12:18	223.869	16.791	22.435	19.92	13.105
H12:13:18	263.987	16.934	22.436	20.071	13.121
H12:14:18	284.853	17.077	22.439	20.073	13.143
H12:15:18	290.783	17.241	22.443	19.968	13.16
H12:16:18	290.615	17.28	22.447	20.279	13.178
H12:17:18	291.173	17.358	22.452	20.138	13.195
H12:18:18	292.023	17.358	22.456	19.987	13.248
H12:19:18	293.852	17.33	22.46	20.263	13.217
H12:20:18	288.045	17.249	22.461	19.856	13.246
H12:21:18	272.687	17.091	22.46	19.849	13.244
H12:22:18	249.933	16.982	22.457	20.148	13.214
H12:23:18	220.275	16.881	22.454	19.654	13.214
H12:24:18	189.449	16.884	22.45	19.878	13.174
H12:25:18	158.434	16.864	22.445	19.711	13.172
H12:26:18	136.199	16.884	22.438	19.651	13.15
H12:27:18	120.646	17.024	22.433	19.478	13.121
H12:28:18	110.051	17.088	22.424	19.357	13.109
H12:29:18	108.701	16.861	22.414	19.477	13.1
H12:30:18	115.586	16.684	22.402	19.562	13.09
H12:31:18	129.029	16.464	22.388	19.839	13.08
H12:32:18	145.769	16.246	22.374	19.95	13.092
H12:33:18	169.16	16.072	22.357	20.128	13.093
H12:34:18	191.888	16.172	22.339	20.274	13.085
H12:35:18	202.743	16.411	22.321	20.205	13.095
H12:36:18	210.146	16.512	22.303	20.229	13.1
H12:37:18	220.385	16.385	22.286	20.317	13.119
H12:38:18	231.999	16.127	22.269	20.128	13.123
H12:39:18	244.84	16.132	22.254	20.29	13.136
H12:40:18	262.773	16.495	22.239	20.195	13.176
H12:41:18	293.087	16.436	22.227	20.418	13.207
H12:42:18	321.149	16.507	22.215	20.338	13.191
H12:43:18	342.632	16.704	22.206	20.329	13.212
H12:44:18	378.149	16.839	22.201	20.454	13.169
H12:45:18	423.762	16.822	22.198	20.572	13.159
H12:46:18	511.172	17.116	22.199	20.69	13.15
H12:47:18	625.627	17.543	22.204	20.801	13.159
H12:48:18	701.248	17.896	22.212	20.682	13.181
H12:49:18	638.097	17.742	22.223	20.583	13.232
H12:50:18	580.928	17.97	22.236	20.353	13.22
H12:51:18	453.822	18.09	22.251	20.184	13.172
H12:52:18	370.661	18.016	22.269	20.102	13.164
H12:53:18	346.907	17.989	22.286	19.979	13.136
H12:54:18	308.548	17.948	22.302	19.999	13.123
H12:55:18	268.379	17.885	22.318	19.815	13.104
H12:56:18	234.835	17.78	22.332	19.75	13.092
H12:57:18	206.909	17.615	22.345	18.382	13.133
H12:58:18	172.722	17.565	22.355	18.849	13.203
H12:59:18	139.287	17.299	22.364	19.242	13.208
H13:00:18	111.284	17.099	22.37	18.576	13.191
F13:01:18	96.179	16.875	22.374	19.184	13.166
F13:02:18	91.631	16.583	22.375	18.845	13.162
F13:03:18	96.328	16.532	22.374	19.36	13.171
G13:04:18	104.698	16.622	22.369	19.495	13.162
G13:05:18	115.371	16.676	22.36	19.609	13.186
H13:06:18	125.286	16.501	22.348	19.673	13.188
H13:07:18	133.383	16.433	22.332	19.746	13.212
H13:08:18	140.371	16.306	22.314	20.046	13.226
H13:09:18	147.333	16.394	22.295	20.09	13.203
H13:10:18	156.125	16.309	22.276	20.039	13.227
H13:11:18	171.508	16.169	22.257	19.807	13.203
H13:12:18	187.34	16.292	22.238	20.144	13.22
H13:13:18	203.736	16.309	22.219	20.294	13.205
H13:14:18	213.546	16.314	22.199	20.342	13.186
H13:15:18	214.104	16.272	22.179	20.05	13.183
H13:16:18	222.864	16.3	22.161	20.317	13.178
H13:17:18	238.987	16.303	22.14	19.933	13.183
H13:18:18	262.274	16.235	22.116	20.528	13.186
H13:19:18	290.913	15.938	22.091	20.073	13.2
H13:20:18	318.852	15.735	22.065	20.561	13.215
H13:21:18	338.122	15.807	22.044	20.51	13.179
H13:22:18	352.254	15.729	22.022	20.574	13.16
H13:23:18	358.268	16.178	22.006	20.561	13.147
H13:24:18	355.913	16.569	21.994	20.371	13.14
H13:25:18	349.782	16.771	21.986	20.412	13.155
H13:26:18	357.406	16.94	21.982	20.423	13.124
H13:27:18	376.786	17.174	21.981	20.457	13.148
H13:28:18	442.377	17.302	21.983	20.445	13.123
H13:29:18	536.483	17.31	21.988	20.63	13.207
H13:30:18	539.397	17.396	21.994	20.434	13.142
H13:31:18	519.672	17.477	22	20.328	13.15
H13:32:18	356.543	17.521	22.005	19.99	13.136
H13:33:18	362.071	17.571	22.005	20.117	13.123
H13:34:18	365.075	17.335	22.005	20.282	13.119
H13:35:18	467.11	17.252	22.006	20.482	13.121
H13:36:18	622.129	17.457	22.009	20.778	13.135
H13:37:18	540.007	17.687	22.012	20.421	13.159
H13:38:18	546.216	17.797	22.016	20.464	13.155
H13:39:18	653.481	17.568	22.022	20.467	13.224
H13:40:18	896.754	17.596	22.033	20.829	13.253
H13:41:18	790.313	17.692	22.048	20.509	13.155
H13:42:18	627.56	17.579	22.065	20.346	13.102
H13:43:18	566.485	17.579	22.088	20.219	13.14
H13:44:18	563.163	17.574	22.116	20.217	13.171
H13:45:18	657.192	17.799	22.149	20.157	13.176
H13:46:18	497.229	18.341	22.185	19.791	13.202
H13:47:18	346.032	18.542	22.226	19.666	13.159
H13:48:18	311.767	18.349	22.264	19.672	13.14
H13:49:18	318.884	18.123	22.302	19.69	13.126
H13:50:18	317.36	18.259	22.341	19.759	13.121
H13:51:18	300.483	18.199	22.378	19.714	13.119
H13:52:18	331.919	18.314	22.416	19.804	13.102
H13:53:18	376.287	18.528	22.452	19.85	13.1
H13:54:18	322.563	18.561	22.49	19.756	13.097
H13:55:18	349.97	18.547	22.526	19.854	13.09
H13:56:18	382.159	18.479	22.559	20.003	13.092
H13:57:18	414.613	18.463	22.591	20.005	13.099
H13:58:18	424.449	18.504	22.624	19.902	13.099
H13:59:18	400.709	18.701	22.661	19.817	13.1
H14:00:18	481.936	18.78	22.698	20.107	13.102
H14:01:18	496.963	18.704	22.739	19.871	13.145
H14:02:18	424.787	18.512	22.784	19.771	13.138
H14:03:18	427.642	18.512	22.83	19.804	13.1
H14:04:18	440.586	18.468	22.878	19.82	13.107
H14:05:18	673.29	18.833	22.931	20.039	13.119
H14:06:18	772.646	19.294	22.986	20.118	13.142
H14:07:18	882.759	19.635	23.044	20.086	13.16
H14:08:18	780.756	19.704	23.102	19.779	13.2
H14:09:18	832.676	19.59	23.161	19.828	13.178
H14:10:18	680.336	19.454	23.221	19.513	13.119
H14:11:18	487.01	19.406	23.284	19.401	13.081
H14:12:18	999.873	19.73	23.345	19.761	13.076
H14:13:18	645.422	19.955	23.406	19.206	13.145
H14:14:18	613.695	19.846	23.477	19.168	13.181
H14:15:18	988.713	20.22	23.55	19.7	13.143
H14:16:18	541.512	19.656	23.625	19.034	13.092
H14:17:18	551.381	20.015	23.704	19.188	13.068
H14:18:18	987.435	20.792	23.781	19.621	13.056
H14:19:18	778.18	21.135	23.863	19.263	13.044
H14:20:18	497.171	21.065	23.943	18.735	13.051
H14:21:18	301.638	20.668	24.025	18.533	13.116
H14:22:18	288.123	20.278	24.107	18.41	13.143
H14:23:18	287.844	19.746	24.188	18.893	13.162
H14:24:18	284.347	19.488	24.269	19.036	13.162
H14:25:18	312.156	19.2	24.346	19.324	13.169
H14:26:18	370.746	19.446	24.419	19.51	13.167
H14:27:18	652.689	19.836	24.488	19.864	13.16
H14:28:18	657.841	20.378	24.556	19.77	13.116
H14:29:18	489.054	20.239	24.617	19.642	13.078
H14:30:18	571.248	20.381	24.673	19.859	13.059
H14:31:18	612.397	20.621	24.729	19.626	13.049
H14:32:18	393.208	20.239	24.784	19.451	13.054
H14:33:18	405.964	20.134	24.837	19.229	13.111
H14:34:18	467.61	19.902	24.89	19.445	13.184
H14:35:18	285.041	19.549	24.941	19.054	13.107
H14:36:18	403.297	19.035	24.992	19.653	13.097
H14:37:18	443.493	19.409	25.042	19.514	13.099
H14:38:18	610.288	19.616	25.088	19.78	13.105
H14:39:18	346.966	19.417	25.132	19.563	13.097
H14:40:18	850.155	19.952	25.175	20.251	13.114
H14:41:18	788.153	20.498	25.217	19.851	13.143
H14:42:18	488.016	20.357	25.254	19.421	13.133
H14:43:18	698.984	20.105	25.292	19.86	13.142
H14:44:18	913.066	20.068	25.33	20.039	13.21
H14:45:18	825.117	19.852	25.367	19.846	13.166
H14:46:18	694.085	19.704	25.405	19.61	13.104
H14:47:18	349.12	19.385	25.441	18.991	13.075
H14:48:18	307.277	19.06	25.48	19.184	13.054
H14:49:18	381.464	18.966	25.518	19.208	13.045
H14:50:18	423.262	19.534	25.554	19.506	13.095
H14:51:18	505.969	19.59	25.584	19.642	13.114
H14:52:18	411.135	19.502	25.613	19.648	13.097
H14:53:18	376.131	19.529	25.638	19.557	13.088
H14:54:18	559.433	19.77	25.66	19.885	13.088
H14:55:18	698.633	19.621	25.678	20.128	13.105
H14:56:18	766.592	19.197	25.694	20.117	13.123
H14:57:18	755.464	19.425	25.707	19.988	13.14
H14:58:18	726.319	19.422	25.714	19.884	13.15
H14:59:18	707.639	18.898	25.72	19.986	13.162
H15:00:18	572.267	18.855	25.722	19.798	13.148
H15:01:18	734.183	19.191	25.723	20.062	13.159
H15:02:18	748.574	19.672	25.725	19.902	13.162
H15:03:18	744.013	19.693	25.727	19.719	13.21
H15:04:18	569.957	19.587	25.731	19.336	13.164
H15:05:18	340.186	19.366	25.737	19.141	13.155
H15:06:18	419.551	19.542	25.745	19.399	13.121
H15:07:18	347.005	19.629	25.752	19.083	13.112
H15:08:18	233.628	19.175	25.759	19.087	13.09
H15:09:18	237.436	18.839	25.764	19.147	13.093
H15:10:18	354.492	18.677	25.769	19.619	13.076
H15:11:18	396.718	18.663	25.774	19.771	13.097
H15:12:18	667.522	19.159	25.781	20.012	13.081
H15:13:18	437.556	19.611	25.788	19.497	13.085
H15:14:18	472.145	19.537	25.794	19.809	13.08
H15:15:18	668.722	19.613	25.803	20.043	13.117
H15:16:18	702.273	19.873	25.81	20.005	13.114
H15:17:18	627.443	20.079	25.817	19.761	13.121
H15:18:18	504.82	19.875	25.825	19.403	13.116
H15:19:18	609.769	19.43	25.834	19.798	13.121
H15:20:18	549.784	19.547	25.844	19.585	13.117
H15:21:18	618.892	19.87	25.852	19.82	13.121
H15:22:18	403.375	19.992	25.859	19.249	13.116
H15:23:18	330.213	19.939	25.867	19.254	13.111
H15:24:18	492.214	20.126	25.872	19.525	13.093
H15:25:18	535.413	20.102	25.881	19.819	13.097
H15:26:18	593.367	20.181	25.891	19.862	13.105
H15:27:18	530.287	20.284	25.904	19.527	13.111
H15:28:18	266.245	20.126	25.918	19.046	13.087
H15:29:18	255.26	19.912	25.933	19.252	13.08
H15:30:18	247.026	19.611	25.949	19.259	13.081
H15:31:18	239.292	19.603	25.964	19.286	13.057
H15:32:18	250.802	19.587	25.98	19.137	13.057
H15:33:18	364.082	19.674	25.992	19.823	13.054
H15:34:18	530.709	19.878	26.001	20.02	13.057
H15:35:18	540.331	19.751	26.009	19.833	13.066
H15:36:18	517.868	19.651	26.017	19.888	13.066
H15:37:18	530.203	19.907	26.023	19.711	13.076
H15:38:18	339.666	19.844	26.027	19.307	13.066
H15:39:18	301.256	19.921	26.029	19.21	13.073
H15:40:18	370.668	19.714	26.033	19.498	13.054
H15:41:18	389.095	19.326	26.036	19.479	13.052
H15:42:18	327.702	19.27	26.037	19.498	13.068
H15:43:18	320.467	19.457	26.037	19.509	13.04
H15:44:18	333.464	19.489	26.035	19.527	13.039
H15:45:18	327.994	19.574	26.033	19.565	13.039
H15:46:18	318.995	19.648	26.03	19.565	13.039
H15:47:18	298.589	19.664	26.029	19.481	13.035
H15:48:18	271.539	19.526	26.027	19.322	13.03
H15:49:18	224.758	19.534	26.023	19.212	13.032
H15:50:18	224.142	19.27	26.023	19.32	13.018
H15:51:18	201.88	19.019	26.021	18.975	13.023
H15:52:18	181.293	19.065	26.021	18.973	13.059
H15:53:18	165.76	19.507	26.02	19.029	13.08
H15:54:18	155.528	19	26.016	18.719	13.107
H15:55:18	155.878	18.392	26.01	18.812	13.117
H15:56:18	156.702	18.227	26.002	18.79	13.155
H15:57:18	154.003	18.068	25.991	19.1	13.157
H15:58:18	172.099	18.079	25.975	19.086	13.16
H15:59:18	185.368	17.97	25.957	19.299	13.171
H16:00:18	177.043	18.041	25.937	19.39	13.142
H16:01:18	154.704	18.057	25.914	19.119	13.155
H16:02:18	170.762	18.06	25.89	18.826	13.14
H16:03:18	168.258	17.912	25.868	19.324	13.126
H16:04:18	171.171	17.81	25.843	19.294	13.128
H16:05:18	170.866	17.629	25.816	19.38	13.135
H16:06:18	168.55	17.656	25.787	19.613	13.143
H16:07:18	166.681	17.643	25.76	19.383	13.131
H16:08:18	166.084	17.563	25.73	19.306	13.126
H16:09:18	163.963	17.643	25.7	19.593	13.136
H16:10:18	161.179	17.532	25.67	19.548	13.123
H16:11:18	159.395	17.612	25.639	19.594	13.131
H16:12:18	159.375	17.604	25.605	19.497	13.131
H16:13:18	158.675	17.585	25.574	19.435	13.142
H16:14:18	155.93	17.471	25.541	19.563	13.129
H16:15:18	156.423	17.725	25.503	19.106	13.129
H16:16:18	157.13	17.662	25.462	19.429	13.129
H16:17:18	156.494	17.593	25.422	19.389	13.123
H16:18:18	156.345	17.659	25.38	19.327	13.114
H16:19:18	154.859	17.493	25.338	19.514	13.121
H16:20:18	151.583	17.33	25.296	19.448	13.131
H16:21:18	147.962	17.219	25.255	19.012	13.105
H16:22:18	144.997	17.091	25.215	19.543	13.109
H16:23:18	143.615	17.077	25.176	19.34	13.1
G16:24:18	142.733	17.241	25.137	19.167	13.116
G16:25:18	141.961	17.571	25.1	19.379	13.09
G16:26:18	141.682	17.761	25.061	19.133	13.087
F16:27:18	141.545	17.703	25.02	19.522	13.083
F16:28:18	140.916	17.604	24.979	19.404	13.083
F16:29:18	139.372	17.371	24.94	19.121	13.08
F16:30:18	137.73	17.399	24.901	19.165	13.08
F16:31:18	135.978	17.438	24.863	19.018	13.088
F16:32:18	134.012	17.593	24.825	19.328	13.08
F16:33:18	132.754	17.673	24.788	19.443	13.087
F16:34:18	130.872	17.632	24.753	19.39	13.087
F16:35:18	128.809	17.59	24.72	19.33	13.076
F16:36:18	127.161	17.643	24.687	19.369	13.069
F16:37:18	125.785	17.579	24.654	19.331	13.068
F16:38:18	124.273	17.612	24.622	19.294	13.071
F16:39:18	122.852	17.791	24.591	19.246	13.059
F16:40:18	121.276	17.923	24.558	19.267	13.059
F16:41:18	119.031	17.961	24.527	19.223	13.059
F16:42:18	116.014	17.725	24.494	19.313	13.071
F16:43:18	111.783	17.513	24.465	19.242	13.051
F16:44:18	107.281	17.687	24.433	19.105	13.045
F16:45:18	104.114	17.854	24.403	19.189	13.039
F16:46:18	102.615	17.783	24.372	18.993	13.039
F16:47:18	102.719	17.612	24.342	18.749	13.039
F16:48:18	102.161	17.488	24.313	18.908	13.037
F16:49:18	101.006	17.413	24.283	18.895	13.037
E16:50:18	98.774	17.36	24.254	19.06	13.032
E16:51:18	96.432	17.269	24.223	18.671	13.021
E16:52:18	94.576	17.399	24.193	18.598	13.018
E16:53:18	93.032	17.302	24.166	19.07	13.025
E16:54:18	91.248	17.191	24.138	19.007	13.018
E16:55:18	89.191	17.057	24.108	18.803	13.023
E16:56:18	86.953	16.945	24.077	18.18	13.1
E16:57:18	85.071	16.892	24.046	17.822	13.167
E16:58:18	83.099	16.912	24.016	18.667	13.176
E16:59:18	81.437	17.015	23.982	18.619	13.184
E17:00:18	79.77	16.987	23.947	18.593	13.191
E17:01:18	78.167	16.954	23.912	18.391	13.181
E17:02:18	76.591	16.875	23.878	18.874	13.179
E17:03:18	75.15	16.853	23.843	18.936	13.172
E17:04:18	73.788	16.741	23.808	18.002	13.162
E17:05:18	72.548	16.771	23.771	18.394	13.172
E17:06:18	71.439	16.749	23.737	18.162	13.166
E17:07:18	70.394	16.802	23.704	18.213	13.169
E17:08:18	69.505	16.892	23.67	17.888	13.154
E17:09:18	68.571	17.012	23.637	18.256	13.142
E17:10:18	67.643	17.04	23.605	18.053	13.15
E17:11:18	66.748	17.057	23.575	18.314	13.143
E17:12:18	65.794	17.088	23.546	18.725	13.133
E17:13:18	64.737	17.091	23.516	18.463	13.128
E17:14:18	63.828	17.077	23.486	18.042	13.124
E17:15:18	62.946	17.141	23.455	17.912	13.128
E17:16:18	62.089	17.099	23.426	18.176	13.121
E17:17:18	60.928	16.917	23.399	17.844	13.119
E17:18:18	59.994	16.903	23.37	18.4	13.112
E17:19:18	58.845	16.833	23.346	17.865	13.1
E17:20:18	57.528	16.732	23.323	18.013	13.104
E17:21:18	55.841	16.529	23.295	17.958	13.097
E17:22:18	54.141	16.566	23.268	18.03	13.088
E17:23:18	52.48	16.673	23.239	17.717	13.092
E17:24:18	50.696	16.617	23.211	18.371	13.085
E17:25:18	48.775	16.543	23.183	18.103	13.078
E17:26:18	46.816	16.385	23.155	17.733	13.068
E17:27:18	44.778	16.328	23.128	17.198	13.059
E17:28:18	42.722	16.297	23.099	17.178	13.059
E17:29:18	40.568	16.189	23.071	17.795	13.047
E17:30:18	38.725	16.135	23.042	17.423	13.042
E17:31:18	37.018	16.101	23.011	17.164	13.039
E17:32:18	35.409	16.144	22.981	16.565	13.051
E17:33:18	33.839	16.147	22.95	16.852	13.068
E17:34:18	32.087	16.004	22.918	16.694	13.066
E17:35:18	30.355	15.858	22.885	16.455	13.064
E17:36:18	28.635	15.775	22.853	15.893	13.064
E17:37:18	27.065	15.72	22.821	15.639	13.063
E17:38:18	25.625	15.689	22.787	15.929	13.057
E17:39:18	24.165	15.651	22.753	16.127	13.047
E17:40:18	22.751	15.562	22.718	16.119	13.044
E17:41:18	21.472	15.481	22.685	15.31	13.035
E17:42:18	20.506	15.669	22.65	14.34	13.042
E17:43:18	19.662	15.735	22.614	14.734	13.04
E17:44:18	18.546	15.651	22.579	14.013	13.039
E17:45:18	17.463	15.602	22.544	13.337	13.039
E17:46:18	16.509	15.548	22.509	13.336	13.039
E17:47:18	15.529	15.478	22.474	13.331	13.037
E17:48:18	14.692	15.409	22.439	13.321	13.021
E17:49:18	13.92	15.371	22.405	13.309	13.015
E17:50:18	13.128	15.348	22.369	13.302	13.001
E17:51:18	12.681	15.539	22.332	13.247	12.997
E17:52:18	12.46	15.829	22.296	12.832	12.992
E17:53:18	11.999	16.05	22.259	12.302	12.978
E17:54:18	11.467	16.018	22.22	11.75	12.977
E17:55:18	10.741	15.631	22.177	11.153	12.975
E17:56:18	10.079	15.429	22.14	10.488	12.973
C17:57:18	9.482	15.475	22.101	9.772	12.965
C17:58:18	8.859	15.412	22.063	8.973	12.956
C17:59:18	8.282	15.339	22.025	8.094	12.956
C18:00:18	7.743	15.241	21.983	7.102	12.954
C18:01:18	7.185	15.098	21.943	6.023	12.941
C18:02:18	6.64	14.973	21.901	4.979	12.937
C18:03:18	6.361	14.943	21.861	4.189	12.936
C18:04:18	6.303	14.996	21.823	3.742	12.929
C18:05:18	6.543	15.148	21.785	3.381	12.922
C18:06:19	6.887	15.307	21.749	3.045	12.915
C18:07:18	7.295	15.496	21.71	2.738	12.915
C18:08:18	7.438	15.516	21.671	2.412	12.915
C18:09:18	7.334	15.473	21.633	2.08	12.912
C18:10:18	7.218	15.38	21.593	1.756	12.905
C18:11:18	7.192	15.348	21.553	1.457	12.898
C18:12:18	7.101	15.284	21.518	1.124	12.894
C18:13:18	7.01	15.252	21.481	0.837	12.894
C18:14:18	7.062	15.29	21.445	0.598	12.894
C18:15:18	7.172	15.293	21.407	0.39	12.886
C18:16:18	7.192	15.31	21.369	0.256	12.877
C18:17:18	7.094	15.261	21.329	0.154	12.874
C18:18:19	7.146	15.377	21.291	0.083	12.874
C18:19:18	7.639	15.415	21.253	0.048	12.87
C18:20:18	7.503	15.383	21.216	0.026	12.858
C18:21:18	7.334	15.363	21.179	0.018	12.855
C18:22:18	7.561	15.446	21.141	0.014	12.855
C18:23:18	7.62	15.484	21.103	0.007	12.853
C18:24:18	7.678	15.423	21.063	0.006	12.85
C18:25:18	7.516	15.357	21.018	0.012	12.848
C18:26:18	7.406	15.36	20.973	0.013	12.834
C18:27:18	7.406	15.38	20.932	0.009	12.834
C18:28:18	7.321	15.365	20.892	0.006	12.833
C18:29:18	7.256	15.36	20.852	0.007	12.833
C18:30:18	7.25	15.392	20.813	0.011	12.831
C18:31:18	7.237	15.389	20.78	0.01	12.829
C18:32:18	7.224	15.328	20.748	0.002	12.827
C18:33:18	7.263	15.313	20.719	0.012	12.815
C18:34:18	7.464	15.348	20.69	0.012	12.812
C18:35:19	7.503	15.415	20.664	0.012	12.812
C18:36:18	7.548	15.394	20.634	0.007	12.812
C18:37:18	7.438	15.374	20.603	0.007	12.805
C18:38:18	7.23	15.322	20.576	0.006	12.8
C18:39:18	7.114	15.27	20.549	0.01	12.793
C18:40:18	7.224	15.264	20.525	0.003	12.791
C18:41:18	7.328	15.212	20.502	0.011	12.791
C18:42:18	7.386	15.203	20.48	0.009	12.791
C18:43:18	7.509	15.247	20.459	0.006	12.79
C18:44:18	7.613	15.261	20.436	0.012	12.783
C18:45:18	7.581	15.226	20.414	0.008	12.774
C18:46:18	7.451	15.145	20.393	0.006	12.771
C18:47:19	7.198	15.148	20.372	0.015	12.771
C18:48:18	7.12	15.177	20.353	0.012	12.769
C18:49:18	7.14	15.209	20.332	0.004	12.762
C18:50:18	7.107	15.168	20.314	0.003	12.761
C18:51:18	7.01	15.229	20.296	0.007	12.752
C18:52:18	7.14	15.252	20.278	0.015	12.75
C18:53:18	7.425	15.276	20.26	0.007	12.75
C18:54:18	7.497	15.215	20.243	0.005	12.75
C18:55:18	7.555	15.247	20.224	0.014	12.75
C18:56:18	7.873	15.249	20.206	0.007	12.749
C18:57:18	8.08	15.206	20.189	0.009	12.747
C18:58:18	8.372	15.232	20.173	0.005	12.738
C18:59:18	8.574	15.296	20.156	0.018	12.73
C19:00:18	0	15.232	20.14	0.007	12.73
C19:01:18	0	15.229	20.125	0.001	12.73
C19:02:18	0	15.171	20.11	0.013	12.73
C19:03:18	0	15.098	20.096	0.015	12.73
C19:04:18	0	15.127	20.081	0.007	12.725
C19:05:18	0	15.098	20.067	0.01	12.718
C19:06:18	0	15.209	20.051	0.01	12.709
C19:07:18	0	15.235	20.036	0.013	12.709
C19:08:18	0	15.13	20.021	0.007	12.709
C19:09:18	0	15.148	20.003	0.004	12.709
C19:10:18	0	15.165	19.986	0.014	12.706
C19:11:18	0	15.121	19.967	0.014	12.7
C19:12:18	0	15.095	19.95	0.01	12.695
C19:13:18	0	15.06	19.934	0.008	12.688
C19:14:18	0	15.081	19.918	0.015	12.688
C19:15:18	0	15.054	19.903	0.012	12.688
C19:16:18	0	15.075	19.888	0.007	12.687
C19:17:18	0	15.084	19.872	0.003	12.683
C19:18:18	0	15.116	19.858	0.01	12.67
C19:19:18	0	15.104	19.844	0.016	12.668
C19:20:18	0	15.084	19.831	0.01	12.668
C19:21:18	0	15.101	19.819	0.007	12.668
C19:22:18	0	15.185	19.808	0.004	12.668
C19:23:18	0	15.145	19.797	0.007	12.668
C19:24:18	0	15.11	19.786	0.01	12.668
C19:25:18	0	15.127	19.775	0.004	12.664
C19:26:18	0	15.11	19.764	0.01	12.661
C19:27:18	0	15.238	19.753	0.009	12.656
C19:28:18	0	15.217	19.741	0.011	12.647
C19:29:18	0	15.241	19.729	0.007	12.647
C19:30:18	0	15.162	19.717	0.01	12.647
C19:31:18	0	15.119	19.705	0.011	12.647
C19:32:18	0	15.162	19.692	0.007	12.647
C19:33:18	0	15.244	19.68	0.001	12.642
C19:34:18	0	15.238	19.666	0.009	12.64
C19:35:18	0	15.255	19.652	0.009	12.637
C19:36:18	0	15.305	19.639	0.007	12.628
C19:37:18	0	15.351	19.626	0.01	12.627
C19:38:18	0	15.336	19.612	0.008	12.627
C19:39:18	0	15.31	19.6	0.012	12.627
C19:40:18	0	15.302	19.585	0.009	12.627
C19:41:18	0	15.278	19.57	0.008	12.62
C19:42:18	0	15.31	19.553	0.01	12.616
C19:43:18	0	15.258	19.539	0.007	12.61
C19:44:18	0	15.276	19.526	0.008	12.608
C19:45:18	0	15.235	19.512	0.012	12.606
C19:46:18	0	15.244	19.5	0.01	12.606
C19:47:18	0	15.229	19.488	0.015	12.603
C19:48:18	0	15.235	19.476	0.01	12.599
C19:49:18	0	15.171	19.464	0.004	12.592
C19:50:18	0	15.13	19.452	0.007	12.587
C19:51:18	0	15.121	19.44	0.016	12.586
C19:52:18	0	15.153	19.427	0.002	12.586
C19:53:18	0	15.133	19.414	0.007	12.586
C19:54:18	0	15.028	19.402	0.007	12.586
C19:55:18	0	14.99	19.389	0.004	12.586
C19:56:18	0	14.864	19.377	0.005	12.582
C19:57:18	0	14.811	19.366	0.007	12.582
C19:58:18	0	14.785	19.355	0.004	12.57
C19:59:18	0	14.718	19.344	0.015	12.568
C20:00:18	0	14.555	19.333	0.003	12.565
C20:01:18	0	14.307	19.323	0.011	12.565
C20:02:18	0	14.316	19.315	0.01	12.565
C20:03:18	0	14.336	19.306	0.003	12.565
C20:04:18	0	14.241	19.296	0.009	12.565
C20:05:18	0	14.107	19.286	0.007	12.565
C20:06:18	0	14	19.275	0.005	12.556
C20:07:18	0	13.91	19.267	0.008	12.551
C20:08:18	0	13.856	19.257	0.009	12.549
C20:09:18	0	13.754	19.247	0.01	12.544
C20:10:18	0	13.736	19.237	0.007	12.544
C20:11:18	0	13.694	19.226	0.008	12.543
C20:12:18	0	13.712	19.216	0.005	12.543
C20:13:18	0	13.7	19.206	0.007	12.541
C20:14:18	0	13.615	19.198	0.014	12.537
C20:15:18	0	13.506	19.189	0.008	12.529
C20:16:18	0	13.461	19.179	0.009	12.525
C20:17:18	0	13.494	19.169	0.008	12.524
C20:18:18	0	13.549	19.157	0.015	12.524
C20:19:18	0	13.564	19.145	0.014	12.524
C20:20:18	0	13.552	19.135	0.007	12.522
C20:21:18	0	13.612	19.126	0.012	12.52
C20:22:18	0	13.597	19.116	0.005	12.512
C20:23:18	0	13.666	19.105	0.01	12.513
C20:24:18	0	13.561	19.097	0.008	12.507
C20:25:18	0	13.509	19.086	0.007	12.503
C20:26:18	0	13.497	19.075	0.011	12.503
C20:27:18	0	13.549	19.065	0.008	12.503
C20:28:18	0	13.494	19.055	0.012	12.503
C20:29:18	0	13.54	19.046	0.01	12.503
C20:30:18	0	13.543	19.037	0.008	12.501
C20:31:18	0	13.579	19.028	0.006	12.5
C20:32:18	0	13.609	19.019	0.007	12.493
C20:33:18	0	13.597	19.01	0.012	12.486
C20:34:18	0	13.546	19.003	0.018	12.484
C20:35:18	0	13.537	18.996	0.01	12.483
C20:36:18	0	13.437	18.989	0.007	12.483
C20:37:18	0	13.409	18.979	0.01	12.483
C20:38:18	0	13.443	18.97	0.013	12.483
C20:39:18	0	13.352	18.96	0.016	12.481
C20:40:18	0	13.205	18.947	0.006	12.479
C20:41:18	0	13.385	18.934	0.01	12.481
C20:42:18	0	13.437	18.921	0.008	12.474
C20:43:18	0	13.461	18.909	0.004	12.474
C20:44:18	0	13.672	18.896	0.005	12.465
C20:45:18	0	13.697	18.883	0.01	12.464
C20:46:18	0	13.639	18.869	0.007	12.462
C20:47:18	0	13.546	18.856	0.007	12.462
C20:48:18	0	13.467	18.843	0.014	12.462
C20:49:18	0	13.324	18.832	0.012	12.462
C20:50:18	0	13.196	18.819	0.005	12.46
C20:51:18	0	13.108	18.806	0.005	12.457
C20:52:18	0	13.169	18.793	0.007	12.452
C20:53:18	0	13.19	18.782	0.007	12.447
C20:54:18	0	13.135	18.771	0.012	12.441
C20:55:18	0	13.114	18.76	0.01	12.443
C20:56:18	0	13.074	18.751	0.011	12.441
C20:57:18	0	13.123	18.739	0.007	12.441
C20:58:18	0	13.096	18.728	0.016	12.441
C20:59:18	0	13.105	18.718	0.016	12.438
C21:00:18	0	13.083	18.708	0.013	12.433
C21:01:18	0	12.961	18.698	0.007	12.428
C21:02:18	0	12.785	18.688	0.012	12.424
C21:03:18	0	12.801	18.679	0.012	12.422
C21:04:18	0	12.862	18.67	0.012	12.421
C21:05:18	0	12.945	18.658	0.005	12.421
C21:06:18	0	12.936	18.646	0.004	12.421
C21:07:18	0	13.034	18.634	0.011	12.421
C21:08:18	0	13.059	18.622	0.013	12.421
C21:09:18	0	13.059	18.612	0.007	12.421
C21:10:18	0	13.074	18.602	0.007	12.421
C21:11:18	0	13.123	18.591	0.008	12.421
C21:12:18	0	13.172	18.582	0.007	12.416
C21:13:18	0	13.178	18.572	0.003	12.407
C21:14:18	0	13.202	18.562	0	12.409
C21:15:18	0	13.239	18.553	0.006	12.402
C21:16:18	0	13.282	18.545	0.009	12.4
C21:17:18	0	13.266	18.536	0.016	12.4
C21:18:18	0	13.321	18.526	0.006	12.4
C21:19:18	0	13.373	18.514	0.006	12.4
C21:20:18	0	13.294	18.501	0.008	12.4
C21:21:18	0	13.291	18.489	0.01	12.4
C21:22:18	0	13.406	18.478	0.007	12.4
C21:23:18	0	13.339	18.466	0.01	12.395
C21:24:18	0	13.312	18.452	0.005	12.386
C21:25:18	0	13.373	18.44	0.004	12.381
C21:26:18	0	13.324	18.429	0.005	12.38
C21:27:18	0	13.306	18.418	0.015	12.38
C21:28:18	0	13.394	18.41	0.014	12.38
C21:29:18	0	13.379	18.402	0.005	12.38
C21:30:18	0	13.303	18.394	0.002	12.38
C21:31:18	0	13.266	18.388	0.007	12.378
C21:32:18	0	13.282	18.381	0.014	12.374
C21:33:18	0	13.306	18.374	0.007	12.366
C21:34:18	0	13.309	18.368	0.004	12.368
C21:35:18	0	13.276	18.362	0.008	12.361
C21:36:18	0	13.248	18.355	0.007	12.359
C21:37:18	0	13.166	18.351	0.013	12.361
C21:38:18	0	13.071	18.345	0.004	12.359
C21:39:18	0	13.074	18.339	0.003	12.359
C21:40:18	0	13.028	18.333	0.013	12.359
C21:41:18	0	13.123	18.327	0.015	12.359
C21:42:18	0	13.092	18.322	0.015	12.359
C21:43:18	0	13.092	18.317	0.007	12.356
C21:44:18	0	13.141	18.313	0.009	12.357
C21:45:18	0	13.077	18.31	0.01	12.354
C21:46:18	0	13.077	18.306	0.01	12.347
C21:47:18	0	13.105	18.302	0.004	12.349
C21:48:18	0	13.053	18.298	0.015	12.344
C21:49:18	0	12.881	18.296	0.007	12.344
C21:50:18	0	12.798	18.293	0.007	12.338
C21:51:18	0	12.798	18.29	0.001	12.34
C21:52:18	0	12.795	18.283	0.012	12.337
C21:53:18	0	12.856	18.278	0.011	12.338
C21:54:18	0	12.785	18.274	0.011	12.338
C21:55:18	0	12.841	18.269	0.009	12.338
C21:56:18	0	12.859	18.264	0.005	12.338
C21:57:18	0	12.899	18.26	0.007	12.337
C21:58:18	0	12.887	18.254	0.007	12.337
C21:59:18	0	12.872	18.249	0.012	12.337
C22:00:18	0	12.89	18.243	0.006	12.332
C22:01:18	0	12.832	18.239	0.007	12.328
C22:02:18	0	12.89	18.236	0.007	12.335
C22:03:18	0	12.918	18.23	0.008	12.321
C22:04:18	0	12.899	18.225	0.008	12.32
C22:05:18	0	12.912	18.22	0.004	12.318
C22:06:18	0	12.893	18.216	0.015	12.318
C22:07:18	0	12.875	18.211	0.015	12.318
C22:08:18	0	12.89	18.206	0.006	12.318
C22:09:18	0	12.884	18.2	0.018	12.318
C22:10:18	0	12.942	18.196	0.007	12.318
C22:11:18	0	12.945	18.19	0.01	12.318
C22:12:18	0	12.912	18.186	0.004	12.318
C22:13:18	0	13.095	18.182	0.006	12.318
C22:14:18	0	13.089	18.177	0.013	12.318
C22:15:18	0	13.089	18.173	0.011	12.316
C22:16:18	0	12.988	18.169	0.012	12.316
C22:17:18	0	12.967	18.163	0.005	12.314
C22:18:18	0	12.991	18.159	0.011	12.313
C22:19:18	0	12.964	18.153	0.009	12.316
C22:20:18	0	12.97	18.147	0.008	12.308
C22:21:18	0	12.964	18.141	0.01	12.302
C22:22:18	0	13.096	18.133	0.008	12.304
C22:23:18	0	13.096	18.128	0.004	12.301
C22:24:18	0	13.007	18.122	0.006	12.299
C22:25:18	0	12.939	18.114	0.018	12.297
C22:26:18	0	12.927	18.107	0.009	12.297
C22:27:18	0	12.952	18.1	0.004	12.297
C22:28:18	0	12.942	18.093	0.018	12.297
C22:29:18	0	13.05	18.086	0.011	12.297
C22:30:18	0	13.031	18.079	0.004	12.297
C22:31:18	0	13.016	18.074	0.006	12.297
C22:32:18	0	13.037	18.066	0.007	12.297
C22:33:18	0	13.092	18.058	0.004	12.297
C22:34:18	0	13.199	18.05	0.002	12.296
C22:35:18	0	13.303	18.042	0.01	12.297
C22:36:18	0	13.339	18.035	0.007	12.297
C22:37:18	0	13.388	18.029	0.005	12.296
C22:38:18	0	13.418	18.024	0.007	12.296
C22:39:18	0	13.382	18.018	0.01	12.297
C22:40:18	0	13.245	18.011	0.007	12.29
C22:41:18	0	13.12	18.006	0.008	12.294
C22:42:18	0	13.001	17.999	0.01	12.289
C22:43:18	0	13.034	17.993	0.002	12.287
C22:44:18	0	13.19	17.985	0.008	12.285
C22:45:18	0	13.233	17.979	0.017	12.283
C22:46:18	0	13.114	17.975	0.008	12.283
C22:47:18	0	13.172	17.973	0.007	12.287
C22:48:18	0	13.23	17.97	0.007	12.287
C22:49:18	0	13.224	17.966	0.004	12.283
C22:50:18	0	13.184	17.962	0.013	12.285
C22:51:18	0	12.998	17.959	0.003	12.28
C22:52:18	0	13.007	17.955	0.006	12.277
C22:53:18	0	13.114	17.951	0.01	12.278
C22:54:18	0	13.303	17.946	0.007	12.278
C22:55:18	0	13.467	17.941	0.01	12.28
C22:56:18	0	13.16	17.937	0.007	12.277
C22:57:18	0	13.016	17.932	0.013	12.277
C22:58:18	0	13.047	17.927	0.012	12.277
C22:59:18	0	13.099	17.924	0.008	12.278
C23:00:18	0	13.083	17.92	0.008	12.277
C23:01:18	0	13.181	17.915	0.012	12.277
C23:02:18	0	13.105	17.91	0.008	12.278
C23:03:18	0	13.034	17.905	0.007	12.277
C23:04:18	0	12.945	17.9	0.007	12.277
C23:05:18	0	12.967	17.895	0.007	12.277
C23:06:18	0	12.961	17.891	0.013	12.277
C23:07:18	0	13.004	17.885	0.007	12.277
C23:08:18	0	13.031	17.879	0.015	12.277
C23:09:18	0	13.062	17.876	0.002	12.277
C23:10:18	0	13.083	17.87	0.009	12.273
C23:11:18	0	13.022	17.865	0.011	12.277
C23:12:18	0	13.037	17.86	0.01	12.278
C23:13:18	0	13.074	17.855	0.012	12.277
C23:14:18	0	13.163	17.851	0.007	12.277
C23:15:18	0	13.157	17.846	0.007	12.277
C23:16:18	0	13.123	17.841	0.005	12.277
C23:17:18	0	13.004	17.837	0.012	12.271
C23:18:18	0	12.961	17.832	0.008	12.277
C23:19:18	0	12.952	17.829	0.015	12.277
C23:20:18	0	12.909	17.823	0.009	12.278
C23:21:18	0	12.958	17.818	0.011	12.277
C23:22:18	0	13.019	17.811	0.012	12.277
C23:23:18	0	13.062	17.804	0.008	12.278
C23:24:18	0	13.114	17.798	0.007	12.277
C23:25:18	0	13.074	17.792	0.005	12.277
C23:26:18	0	13.016	17.787	0.002	12.277
C23:27:18	0	13.007	17.782	0.004	12.275
C23:28:18	0	12.976	17.775	0.004	12.277
C23:29:18	0	12.952	17.766	0.007	12.277
C23:30:18	0	13.08	17.759	0.006	12.277
C23:31:18	0	13.172	17.75	0.014	12.275
C23:32:18	0	13.154	17.741	0.008	12.277
C23:33:18	0	13.108	17.732	0.009	12.275
C23:34:18	0	13.126	17.723	0.007	12.275
C23:35:18	0	13.196	17.714	0.005	12.277
C23:36:18	0	13.282	17.704	0.008	12.277
C23:37:18	0	13.4	17.696	0.001	12.275
C23:38:18	0	13.537	17.688	0.005	12.277
C23:39:18	0	13.434	17.679	0.008	12.275
C23:40:18	0	13.312	17.671	0.006	12.275
C23:41:18	0	13.205	17.662	0.007	12.275
C23:42:18	0	13.047	17.652	0.007	12.277
C23:43:18	0	13.019	17.643	0.01	12.273
C23:44:18	0	13.059	17.633	0.012	12.277
C23:45:18	0	13.068	17.624	0.012	12.277
C23:46:18	0	13.105	17.614	0.01	12.277
C23:47:18	0	13.105	17.605	0.009	12.277
C23:48:18	0	13.001	17.598	0.008	12.275
C23:49:18	0	12.884	17.591	0.012	12.277
C23:50:18	0	12.918	17.585	0.006	12.273
C23:51:18	0	12.942	17.579	0.007	12.277
C23:52:18	0	12.884	17.572	0.005	12.275
C23:53:18	0	12.902	17.567	0.008	12.278
C23:54:18	0	12.979	17.561	0.011	12.277
C23:55:18	0	12.955	17.554	0.012	12.277
C23:56:18	0	12.979	17.549	0.013	12.277
C23:57:18	0	13.05	17.544	0.007	12.273
C23:58:18	0	13.175	17.539	0.007	12.277
C23:59:18	0	13.102	17.535	0.013	12.277
