C00:00:15	0	11.988	16.104	0.012	12.283
C00:01:14	0	11.976	16.088	0.004	12.285
C00:02:14	0	11.846	16.072	0.006	12.28
C00:03:14	0	11.758	16.056	0.004	12.282
C00:04:15	0	11.963	16.041	0.012	12.283
C00:05:14	0	12.067	16.027	0.009	12.285
C00:06:14	0	12.007	16.014	0.007	12.289
C00:07:14	0	12.136	15.996	0.015	12.285
C00:08:14	0	12.054	15.98	0.013	12.285
C00:09:15	0	11.679	15.964	0.011	12.285
C00:10:14	0	11.685	15.949	0.007	12.289
C00:11:14	0	12.073	15.936	0.015	12.283
C00:12:15	0	12.095	15.923	0.004	12.287
C00:13:14	0	12.18	15.912	0.008	12.287
C00:14:14	0	12.148	15.902	0.012	12.287
C00:15:15	0	12.07	15.892	0.007	12.29
C00:16:14	0	12.117	15.883	0.011	12.283
C00:17:14	0	11.985	15.872	0.015	12.285
C00:18:14	0	11.593	15.859	0.01	12.289
C00:19:14	0	11.587	15.848	0.009	12.283
C00:20:14	0	11.618	15.835	0.01	12.294
C00:21:14	0	12.085	15.822	0.012	12.29
C00:22:15	0	12.68	15.809	0.012	12.29
C00:23:14	0	12.865	15.796	0.01	12.287
C00:24:14	0	12.801	15.786	0.01	12.29
C00:25:15	0	12.588	15.78	0.008	12.285
C00:26:14	0	12.311	15.775	0.012	12.292
C00:27:14	0	12.067	15.773	0.01	12.285
C00:28:15	0	12.061	15.768	0.006	12.285
C00:29:14	0	12.186	15.764	0.01	12.283
C00:30:14	0	12.426	15.756	0.004	12.285
C00:31:14	0	12.398	15.749	0.011	12.285
C00:32:14	0	12.317	15.739	0.003	12.289
C00:33:14	0	12.117	15.729	0.008	12.289
C00:34:14	0	11.909	15.719	0.003	12.292
C00:35:14	0	11.739	15.71	0.007	12.289
C00:36:14	0	11.628	15.701	0.015	12.287
C00:37:14	0	11.726	15.691	0.004	12.289
C00:38:14	0	11.558	15.682	0.01	12.29
C00:39:14	0	11.564	15.671	0.011	12.294
C00:40:14	0	11.501	15.661	0.007	12.282
C00:41:14	0	11.427	15.649	0.007	12.285
C00:42:14	0	11.395	15.638	0.018	12.285
C00:43:14	0	11.498	15.627	0.009	12.285
C00:44:14	0	11.58	15.618	0.004	12.287
C00:45:14	0	11.742	15.608	0.009	12.285
C00:46:14	0	11.887	15.595	0.008	12.285
C00:47:14	0	11.91	15.581	0.013	12.282
C00:48:14	0	11.666	15.567	0.007	12.282
C00:49:14	0	11.523	15.553	0.004	12.285
C00:50:14	0	11.751	15.541	0.005	12.282
C00:51:14	0	11.891	15.528	0.011	12.285
C00:52:14	0	11.922	15.516	0.006	12.283
C00:53:15	0	11.736	15.504	0.01	12.29
C00:54:14	0	11.481	15.492	0.007	12.287
C00:55:14	0	11.226	15.481	0.007	12.289
C00:56:15	0	11.351	15.47	0.007	12.282
C00:57:14	0	11.529	15.46	0.01	12.278
C00:58:14	0	11.723	15.451	0.01	12.28
C00:59:14	0	11.66	15.441	0.007	12.282
C01:00:14	0	11.513	15.431	0.007	12.282
C01:01:14	0	11.427	15.419	0.007	12.283
C01:02:14	0	11.255	15.407	0.009	12.282
C01:03:15	0	11.341	15.397	0.014	12.28
C01:04:14	0	11.462	15.383	0.015	12.28
C01:05:14	0	11.155	15.371	0.012	12.28
C01:06:14	0	11.071	15.361	0.007	12.28
C01:07:14	0	11.338	15.349	0.009	12.278
C01:08:14	0	11.421	15.338	0.015	12.282
C01:09:14	0	11.491	15.326	0.012	12.283
C01:10:14	0	11.478	15.313	0.009	12.28
C01:11:15	0	11.443	15.3	0.005	12.277
C01:12:14	0	11.36	15.286	0.012	12.277
C01:13:14	0	11.485	15.273	0.01	12.277
C01:14:15	0	11.615	15.26	0.009	12.28
C01:15:14	0	11.583	15.246	0.005	12.28
C01:16:14	0	11.405	15.232	0.01	12.28
C01:17:14	0	11.485	15.221	0.004	12.282
C01:18:14	0	11.599	15.211	0.004	12.278
C01:19:14	0	11.647	15.202	0.007	12.278
C01:20:14	0	11.542	15.193	0.01	12.278
C01:21:14	0	11.469	15.185	0.006	12.278
C01:22:14	0	11.376	15.174	0.01	12.277
C01:23:14	0	11.504	15.166	0.006	12.278
C01:24:14	0	11.513	15.156	0.003	12.28
C01:25:14	0	11.37	15.145	0.01	12.278
C01:26:14	0	11.331	15.132	0.01	12.278
C01:27:14	0	11.628	15.118	0.004	12.277
C01:28:15	0	11.475	15.107	0.008	12.277
C01:29:14	0	11.574	15.096	0.012	12.277
C01:30:14	0	11.568	15.083	0.012	12.277
C01:31:15	0	11.536	15.068	0.007	12.28
C01:32:14	0	11.456	15.055	0.007	12.277
C01:33:14	0	11.408	15.043	0.011	12.277
C01:34:14	0	11.091	15.031	0.01	12.277
C01:35:14	0	10.884	15.018	0.006	12.277
C01:36:14	0	10.916	15.003	0.006	12.277
C01:37:14	0	11.226	14.991	0.015	12.277
C01:38:15	0	11.303	14.981	0.012	12.277
C01:39:14	0	10.997	14.971	0.013	12.277
C01:40:14	0	11.045	14.963	0.007	12.277
C01:41:15	0	11.465	14.953	0.01	12.277
C01:42:14	0	11.998	14.943	0.003	12.275
C01:43:14	0	12.158	14.935	0.01	12.277
C01:44:14	0	12.079	14.927	0.01	12.277
C01:45:14	0	12.189	14.921	0.01	12.277
C01:46:14	0	12.333	14.918	0.007	12.277
C01:47:14	0	12.529	14.917	0.008	12.275
C01:48:14	0	12.463	14.919	0.01	12.277
C01:49:14	0	12.198	14.924	0.007	12.277
C01:50:14	0	11.91	14.931	0.005	12.277
C01:51:14	0	11.85	14.938	0.008	12.277
C01:52:14	0	11.897	14.945	0.011	12.277
C01:53:14	0	11.675	14.952	0.004	12.277
C01:54:14	0	11.434	14.956	0.006	12.275
C01:55:14	0	11.331	14.961	0.004	12.277
C01:56:14	0	11.485	14.966	0.009	12.275
C01:57:14	0	11.682	14.97	0.009	12.277
C01:58:14	0	11.957	14.973	0.004	12.277
C01:59:15	0	11.991	14.975	0.008	12.277
C02:00:14	0	11.777	14.974	0.002	12.277
C02:01:14	0	11.834	14.972	0.007	12.275
C02:02:15	0	11.979	14.968	0.007	12.277
C02:03:14	0	12.101	14.963	0.01	12.273
C02:04:14	0	12.202	14.96	0.009	12.275
C02:05:14	0	12.098	14.956	0.006	12.275
C02:06:15	0	12.004	14.953	0.01	12.275
C02:07:14	0	11.903	14.95	0.007	12.273
C02:08:14	0	11.79	14.95	0.008	12.275
C02:09:15	0	11.821	14.952	0.001	12.27
C02:10:14	0	11.954	14.954	0.009	12.271
C02:11:14	0	12.023	14.958	0.008	12.277
C02:12:14	0	12.354	14.961	0.01	12.271
C02:13:15	0	12.6	14.961	0.007	12.273
C02:14:14	0	12.42	14.962	0.008	12.275
C02:15:14	0	12.445	14.964	0.006	12.271
C02:16:15	0	12.594	14.966	0.01	12.27
C02:17:14	0	12.656	14.97	0.01	12.273
C02:18:14	0	12.671	14.973	0.012	12.271
C02:19:15	0	12.764	14.979	0.007	12.271
C02:20:14	0	12.789	14.985	0.008	12.266
C02:21:14	0	12.727	14.991	0.005	12.261
C02:22:14	0	12.612	14.995	0.009	12.27
C02:23:14	0	12.348	15.002	0.013	12.268
C02:24:14	0	12.054	15.007	0.006	12.273
C02:25:14	0	12.048	15.008	0.008	12.271
C02:26:15	0	12.264	15.008	0.01	12.266
C02:27:14	0	12.364	15.005	0.007	12.268
C02:28:14	0	12.038	15.002	0.008	12.263
C02:29:15	0	11.707	14.997	0.004	12.261
C02:30:14	0	11.679	14.992	0.012	12.268
C02:31:14	0	11.523	14.987	0.015	12.265
C02:32:14	0	11.357	14.98	0.01	12.263
C02:33:14	0	11.126	14.971	0.008	12.263
C02:34:14	0	10.984	14.964	0.007	12.263
C02:35:14	0	10.897	14.956	0.004	12.265
C02:36:15	0	11.01	14.947	0.004	12.268
C02:37:14	0	11.055	14.94	0.003	12.261
C02:38:14	0	11.242	14.931	0.012	12.265
C02:39:15	0	11.605	14.92	0.012	12.259
C02:40:14	0	12.004	14.911	0.006	12.259
C02:41:14	0	12.248	14.901	0.008	12.259
C02:42:14	0	12.239	14.893	0.005	12.258
C02:43:14	0	11.919	14.887	0.001	12.261
C02:44:14	0	11.618	14.882	0.004	12.258
C02:45:14	0	11.516	14.874	0.012	12.256
C02:46:15	0	12.086	14.866	0.007	12.256
C02:47:14	0	12.261	14.857	0.01	12.256
C02:48:14	0	12.208	14.847	0.007	12.256
C02:49:15	0	12.255	14.838	0.015	12.256
C02:50:14	0	11.881	14.833	0.011	12.258
C02:51:14	0	11.66	14.828	0.014	12.259
C02:52:14	0	11.536	14.822	0.001	12.256
C02:53:14	0	11.405	14.815	0.015	12.256
C02:54:14	0	11.44	14.806	0.011	12.258
C02:55:14	0	11.415	14.795	0.007	12.258
C02:56:15	0	11.491	14.783	0.007	12.256
C02:57:14	0	11.545	14.771	0.012	12.256
C02:58:14	0	11.599	14.759	0.003	12.258
C02:59:14	0	11.373	14.746	0.005	12.256
C03:00:15	0	11.177	14.736	0.01	12.256
C03:01:14	0	11.367	14.725	0.01	12.256
C03:02:14	0	11.676	14.712	0.001	12.256
C03:03:14	0	12.001	14.699	0.004	12.256
C03:04:14	0	12.327	14.688	0.01	12.256
C03:05:14	0	12.485	14.677	0.006	12.256
C03:06:14	0	12.532	14.667	0.004	12.256
C03:07:14	0	12.273	14.657	0.019	12.256
C03:08:14	0	11.938	14.647	0.009	12.256
C03:09:14	0	11.85	14.638	0.007	12.256
C03:10:15	0	11.777	14.626	0.012	12.256
C03:11:14	0	11.472	14.614	0.006	12.256
C03:12:14	0	11.071	14.601	0.007	12.256
C03:13:14	0	11.184	14.59	0.01	12.256
C03:14:14	0	11.203	14.579	0.018	12.256
C03:15:14	0	11.139	14.568	0.007	12.256
C03:16:14	0	11.107	14.555	0.007	12.256
C03:17:15	0	10.994	14.54	0.006	12.256
C03:18:14	0	11.007	14.528	0.005	12.256
C03:19:14	0	11.023	14.516	0.012	12.256
C03:20:14	0	10.913	14.504	0.01	12.256
C03:21:14	0	10.868	14.491	0.007	12.256
C03:22:14	0	11.026	14.478	0.006	12.256
C03:23:14	0	11.062	14.467	0.01	12.256
C03:24:15	0	10.9	14.455	0.012	12.256
C03:25:14	0	10.728	14.445	0.01	12.256
C03:26:14	0	10.643	14.433	0.007	12.256
C03:27:14	0	10.725	14.423	0.01	12.256
C03:28:14	0	10.715	14.414	0.007	12.256
C03:29:14	0	10.835	14.405	0.013	12.256
C03:30:14	0	10.893	14.396	0.013	12.256
C03:31:15	0	11.513	14.385	0.006	12.256
C03:32:14	0	11.602	14.374	0.003	12.256
C03:33:14	0	11.174	14.363	0.006	12.256
C03:34:14	0	10.897	14.353	0.009	12.253
C03:35:14	0	10.738	14.343	0.009	12.256
C03:36:14	0	10.751	14.331	0.004	12.251
C03:37:14	0	10.861	14.321	0.005	12.253
C03:38:14	0	10.939	14.313	0.008	12.254
C03:39:14	0	10.955	14.302	0.006	12.247
C03:40:14	0	10.971	14.293	0.012	12.249
C03:41:15	0	10.653	14.283	0.015	12.253
C03:42:14	0	10.503	14.274	0.013	12.251
C03:43:14	0	10.757	14.266	0.008	12.251
C03:44:14	0	10.848	14.258	0.012	12.249
C03:45:14	0	10.919	14.25	0.012	12.251
C03:46:14	0	10.692	14.239	0.007	12.247
C03:47:14	0	10.624	14.229	0.007	12.247
C03:48:14	0	10.663	14.216	0.004	12.246
C03:49:14	0	10.735	14.204	0.007	12.249
C03:50:14	0	10.838	14.191	0.013	12.247
C03:51:14	0	10.803	14.179	0.006	12.242
C03:52:15	0	10.826	14.167	0.014	12.246
C03:53:14	0	10.89	14.155	0.012	12.241
C03:54:14	0	10.699	14.145	0.014	12.241
C03:55:14	0	10.506	14.134	0.007	12.241
C03:56:14	0	10.378	14.123	0.004	12.241
C03:57:14	0	10.15	14.112	0.007	12.242
C03:58:14	0	10.073	14.1	0.004	12.242
C03:59:15	0	10.365	14.089	0.012	12.239
C04:00:14	0	10.77	14.08	0.006	12.239
C04:01:14	0	10.571	14.068	0.01	12.235
C04:02:15	0	10.25	14.058	0.012	12.237
C04:03:14	0	10.555	14.049	0.01	12.239
C04:04:14	0	11.312	14.037	0.01	12.235
C04:05:14	0	11.824	14.027	0.011	12.237
C04:06:14	0	11.51	14.017	0.01	12.237
C04:07:14	0	11.026	14.01	0.015	12.235
C04:08:14	0	10.796	14.004	0.011	12.235
C04:09:14	0	11	13.997	0.005	12.235
C04:10:14	0	10.65	13.99	0.007	12.235
C04:11:14	0	10.444	13.984	0.003	12.235
C04:12:14	0	10.48	13.978	0.015	12.237
C04:13:14	0	10.656	13.97	0.01	12.235
C04:14:14	0	10.783	13.961	0.014	12.235
C04:15:14	0	10.89	13.953	0.007	12.235
C04:16:14	0	10.91	13.943	0.01	12.235
C04:17:14	0	10.796	13.935	0.012	12.235
C04:18:14	0	10.669	13.926	0.01	12.235
C04:19:14	0	10.682	13.916	0.006	12.235
C04:20:14	0	10.634	13.908	0.012	12.235
C04:21:14	0	10.764	13.897	0.008	12.235
C04:22:14	0	10.842	13.887	0.018	12.235
C04:23:15	0	10.44	13.878	0.01	12.235
C04:24:14	0	10.184	13.87	0.009	12.235
C04:25:14	0	10.352	13.864	0.007	12.235
C04:26:15	0	10.293	13.858	0.004	12.235
C04:27:14	0	10.371	13.851	0.01	12.235
C04:28:14	0	10.939	13.845	0.011	12.235
C04:29:14	0	11.379	13.839	0.003	12.235
C04:30:14	0	11.077	13.834	0.01	12.235
C04:31:14	0	10.955	13.831	0.008	12.235
C04:32:14	0	11.411	13.829	0.01	12.234
C04:33:14	0	11.891	13.828	0.002	12.235
C04:34:14	0	11.95	13.826	0.01	12.235
C04:35:14	0	11.884	13.822	0.006	12.235
C04:36:14	0	11.472	13.82	0.01	12.235
C04:37:14	0	11.427	13.819	0.012	12.235
C04:38:14	0	11.567	13.82	0.022	12.235
C04:39:14	0	12.054	13.822	0.005	12.234
C04:40:15	0	11.969	13.822	0.008	12.234
C04:41:14	0	11.991	13.826	0.006	12.23
C04:42:14	0	11.51	13.83	0.006	12.232
C04:43:15	0	11.142	13.836	0.01	12.23
C04:44:14	0	11.01	13.839	0.006	12.234
C04:45:14	0	10.978	13.84	0.007	12.229
C04:46:14	0	11.132	13.84	0.007	12.227
C04:47:14	0	11.529	13.838	0.013	12.23
C04:48:14	0	11.748	13.838	0.005	12.232
C04:49:14	0	11.701	13.837	0.005	12.223
C04:50:14	0	11.868	13.838	0.007	12.225
C04:51:14	0	12.057	13.838	0.008	12.232
C04:52:14	0	11.805	13.839	0.007	12.223
C04:53:14	0	11.622	13.842	0.007	12.225
C04:54:14	0	11.615	13.847	0.012	12.22
C04:55:14	0	11.351	13.851	0.011	12.227
C04:56:14	0	11.443	13.853	0.009	12.223
C04:57:15	0	11.459	13.856	0.015	12.217
C04:58:14	0	11.271	13.858	0.013	12.217
C04:59:14	0	11.376	13.86	0.004	12.215
C05:00:14	6.789	11.513	13.862	0.01	12.22
C05:01:14	6.361	11.261	13.861	0.009	12.217
C05:02:14	5.881	10.89	13.86	0.009	12.217
D05:03:14	5.79	10.926	13.857	0.004	12.217
D05:04:14	5.823	10.812	13.853	0.009	12.217
D05:05:14	5.712	10.594	13.848	0.013	12.215
D05:06:14	5.595	10.663	13.843	0.006	12.215
D05:07:15	5.926	10.829	13.84	0.007	12.215
D05:08:14	6.205	11.084	13.837	0.006	12.215
D05:09:14	7.432	11.529	13.834	0.014	12.215
D05:10:15	7.419	11.517	13.833	0.012	12.217
D05:11:14	7.192	11.459	13.832	0.007	12.215
D05:12:14	7.412	11.475	13.833	0.01	12.215
D05:13:14	7.821	11.558	13.834	0.005	12.215
D05:14:14	8.431	11.774	13.834	0.007	12.215
D05:15:14	8.606	12.114	13.835	0.01	12.215
D05:16:14	8.171	12.252	13.838	0.008	12.215
D05:17:14	7.763	12.167	13.84	0.004	12.215
D05:18:14	7.788	12.039	13.842	0.007	12.215
D05:19:14	7.535	11.96	13.844	0.013	12.215
D05:20:14	7.6	11.894	13.845	0.007	12.213
D05:21:14	7.62	11.733	13.848	0.005	12.211
D05:22:14	7.347	11.796	13.852	0.011	12.211
D05:23:14	6.809	11.688	13.856	0.009	12.213
D05:24:14	6.374	11.341	13.859	0.006	12.213
D05:25:14	5.764	10.984	13.861	0.014	12.211
D05:26:14	5.407	10.861	13.862	0.01	12.211
D05:27:14	5.401	10.987	13.861	0.021	12.211
D05:28:15	5.446	11.075	13.859	0.034	12.206
D05:29:14	5.232	10.955	13.855	0.055	12.208
D05:30:14	5.122	10.868	13.849	0.105	12.208
D05:31:14	5.323	10.881	13.843	0.198	12.205
D05:32:14	5.271	10.77	13.838	0.316	12.203
D05:33:14	5.381	10.741	13.832	0.494	12.199
D05:34:14	6.114	10.91	13.824	0.774	12.203
D05:35:14	6.53	11.354	13.816	1.135	12.198
D05:36:14	6.99	11.501	13.809	1.583	12.198
D05:37:14	7.094	11.152	13.801	2.016	12.198
D05:38:14	6.783	11.071	13.796	2.542	12.194
D05:39:14	7.763	11.449	13.79	3.099	12.196
D05:40:14	8.729	11.698	13.784	3.663	12.198
D05:41:14	8.6	11.469	13.78	4.315	12.194
D05:42:14	8.269	11.386	13.78	5.005	12.194
D05:43:14	8.729	11.653	13.781	5.63	12.194
D05:44:14	9.417	11.71	13.784	6.353	12.194
D05:45:14	9.482	11.43	13.789	7.05	12.194
D05:46:14	9.508	11.392	13.793	7.678	12.194
E05:47:14	10.001	11.577	13.796	8.243	12.194
E05:48:14	10.254	11.818	13.798	8.753	12.194
E05:49:15	10.358	11.414	13.796	9.264	12.194
E05:50:14	10.241	11.363	13.795	9.804	12.194
F05:51:14	11.428	11.891	13.793	10.361	12.194
F05:52:15	12.376	12.032	13.791	10.935	12.194
F05:53:14	12.713	12.032	13.79	11.433	12.194
F05:54:14	13.589	12.152	13.794	11.971	12.194
F05:55:14	14.179	12.098	13.8	12.374	12.194
F05:56:14	13.92	12.098	13.807	12.459	12.194
F05:57:14	13.842	11.982	13.815	12.467	12.194
F05:58:14	13.985	11.843	13.823	12.464	12.194
F05:59:14	13.998	11.793	13.829	12.474	12.194
F06:00:14	14.069	11.707	13.834	12.475	12.198
F06:01:14	14.926	11.79	13.839	12.481	12.211
F06:02:14	16.113	11.95	13.841	12.484	12.213
F06:03:14	17.372	12.227	13.844	12.49	12.215
F06:04:14	17.988	12.192	13.847	12.491	12.215
F06:05:14	18.131	12.18	13.853	12.496	12.225
F06:06:14	18.546	12.133	13.859	12.501	12.235
F06:07:14	18.222	12.026	13.867	12.504	12.235
F06:08:14	18.41	11.783	13.875	12.51	12.235
F06:09:14	18.916	11.663	13.886	12.516	12.237
F06:10:14	20.084	11.894	13.896	12.522	12.256
F06:11:14	20.668	12.045	13.909	12.529	12.256
F06:12:14	21.226	11.982	13.921	12.535	12.258
F06:13:14	21.725	12.167	13.931	12.54	12.271
F06:14:14	21.784	12.164	13.941	12.547	12.275
F06:15:14	21.758	12.161	13.951	12.553	12.287
F06:16:14	21.972	12.139	13.961	12.563	12.296
F06:17:15	21.894	11.985	13.972	12.572	12.299
F06:18:14	21.777	11.985	13.982	12.578	12.308
F06:19:14	21.615	11.793	13.992	12.582	12.316
F06:20:14	21.823	11.752	14	12.595	12.32
F06:21:14	22.991	11.774	14.008	12.608	12.33
F06:22:14	25.852	11.963	14.016	12.621	12.34
F06:23:14	25.028	11.998	14.022	12.628	12.352
F06:24:15	24.548	11.925	14.027	12.635	12.357
F06:25:14	23.704	11.789	14.031	12.641	12.361
F06:26:14	24.438	11.392	14.036	12.653	12.376
F06:27:14	25.573	11.539	14.041	12.659	12.381
F06:28:15	25.346	11.707	14.045	12.668	12.397
F06:29:14	25.917	11.903	14.05	12.677	12.4
F06:30:14	28.039	12.105	14.052	12.688	12.417
F06:31:14	30.426	12.164	14.054	12.703	12.424
F06:32:14	31.633	12.142	14.057	12.719	12.45
F06:33:14	30.939	12.202	14.061	12.732	12.462
F06:34:14	30.647	12.123	14.067	12.741	12.465
F06:35:14	29.168	11.928	14.075	12.748	12.477
F06:36:14	28.72	11.745	14.082	12.755	12.481
F06:37:14	28.324	11.764	14.09	12.763	12.486
F06:38:14	27.591	11.472	14.098	12.77	12.501
F06:39:15	28.733	11.66	14.104	12.782	12.503
F06:40:14	29.18	11.853	14.108	12.793	12.522
F06:41:14	28.454	11.897	14.112	12.8	12.524
F06:42:15	29.336	11.641	14.117	12.81	12.541
F06:43:14	31.14	11.517	14.123	12.827	12.56
F06:44:14	32.671	11.392	14.128	12.848	12.58
F06:45:14	30.498	11.517	14.135	12.852	12.584
F06:46:14	31.004	11.802	14.142	12.869	12.586
F06:47:14	33.359	11.938	14.148	12.888	12.615
F06:48:14	37.349	12.101	14.154	12.918	12.642
F06:49:14	33.619	12.155	14.161	12.922	12.647
F06:50:14	32.678	12.126	14.167	12.926	12.647
F06:51:14	31.756	12.105	14.173	12.929	12.661
F06:52:14	31.38	12.017	14.179	12.935	12.668
F06:53:14	31.438	12.114	14.183	12.946	12.668
F06:54:14	31.672	12.292	14.186	12.955	12.685
F06:55:14	31.945	12.198	14.187	12.97	12.692
F06:56:14	32.82	12.13	14.192	12.982	12.709
F06:57:14	32.528	12.277	14.198	12.993	12.723
F06:58:14	32.743	12.258	14.205	13.005	12.735
F06:59:15	33.164	12.101	14.211	13.017	12.75
F07:00:14	33.067	12.092	14.217	13.025	12.75
F07:01:14	33.748	12.273	14.223	13.044	12.766
F07:02:15	34.43	12.336	14.227	13.058	12.781
F07:03:14	35.091	12.429	14.232	13.069	12.791
F07:04:14	39.945	12.572	14.237	13.08	12.803
G07:05:14	115.482	12.923	14.243	13.172	12.894
G07:06:14	239.895	13.75	14.25	17.979	13.353
G07:07:14	269.151	14.425	14.256	19.343	13.322
G07:08:14	289.674	15.109	14.265	19.208	13.313
G07:09:14	294.897	15.637	14.274	20.293	13.32
G07:10:14	282.108	15.821	14.286	19.478	13.325
G07:11:14	284.918	15.582	14.3	19.354	13.289
G07:12:14	307.504	15.319	14.316	19.114	13.286
G07:13:14	299.828	15.571	14.335	19.538	13.291
G07:14:14	266.219	15.444	14.358	18.459	13.313
G07:15:14	297.927	15.559	14.381	19.571	13.293
G07:16:14	323.511	15.892	14.406	19.744	13.286
G07:17:14	330.278	16.098	14.433	19.135	13.275
G07:18:14	335.488	16.201	14.461	18.559	13.268
G07:19:14	340.192	16.2	14.491	19.825	13.305
G07:20:14	344.358	15.507	14.524	19.069	13.291
G07:21:14	355.258	15.484	14.559	20.282	13.317
G07:22:14	363.972	15.926	14.593	19.738	13.31
G07:23:14	358.95	16.402	14.632	19.336	13.318
G07:24:15	360.293	16.543	14.669	19.557	13.282
G07:25:14	364.997	16.421	14.706	19.132	13.322
G07:26:14	370.862	15.901	14.744	20.173	13.293
G07:27:14	378.058	15.944	14.784	19.556	13.265
G07:28:14	382.12	16.238	14.825	19.733	13.291
G07:29:14	387.531	16.783	14.865	19.661	13.323
G07:30:14	394.577	16.591	14.907	20.204	13.317
G07:31:15	408.663	16.436	14.95	20.099	13.279
G07:32:14	408.482	16.597	14.992	19.54	13.265
G07:33:14	404.933	16.6	15.037	19.787	13.284
G07:34:14	414.01	16.897	15.081	20.094	13.265
G07:35:14	417.397	17.051	15.125	19.935	13.274
G07:36:14	417.715	16.926	15.173	19.754	13.279
G07:37:14	365.114	16.538	15.222	19.398	13.267
G07:38:14	407.969	16.467	15.269	19.67	13.31
G07:39:14	437.978	16.786	15.318	20.159	13.27
G07:40:14	445.491	16.771	15.366	20.113	13.265
G07:41:15	452.232	16.662	15.414	20.152	13.277
G07:42:14	449.702	16.507	15.464	19.929	13.263
H07:43:14	468.129	16.662	15.511	20.185	13.287
H07:44:14	458.241	15.875	15.561	20.231	13.265
H07:45:14	462.614	15.832	15.61	19.628	13.315
H07:46:14	460.953	16.041	15.659	20.04	13.255
H07:47:14	465.592	16.127	15.709	19.547	13.293
H07:48:14	470.121	16.382	15.758	20.161	13.262
H07:49:14	472.852	16.286	15.807	20.032	13.224
H07:50:14	474.922	16.351	15.856	19.655	13.22
H07:51:15	482.403	16.659	15.903	19.911	13.263
H07:52:14	489.813	16.912	15.949	19.996	13.224
H07:53:14	496.022	17.49	15.997	19.81	13.265
H07:54:15	495.574	17.297	16.04	20.028	13.275
H07:55:14	501.576	16.317	16.084	20.024	13.268
H07:56:14	504.528	16.351	16.127	19.366	13.265
H07:57:15	507.837	17.028	16.171	20.268	13.272
H07:58:14	511.484	17.623	16.216	20.227	13.293
H07:59:14	517.453	17.473	16.257	20.215	13.253
H08:00:14	525.823	16.945	16.299	20.198	13.31
H08:01:15	472.904	16.755	16.341	19.491	13.243
H08:02:14	533.505	17.135	16.378	20.064	13.251
H08:03:14	537.496	17.208	16.417	20.012	13.248
H08:04:14	539.585	17.079	16.454	19.878	13.248
H08:05:15	545.262	17.146	16.49	20.323	13.244
H08:06:14	550.66	17.43	16.525	20.118	13.248
H08:07:14	553.178	17.419	16.558	20.021	13.238
H08:08:14	557.947	17.346	16.592	20.162	13.246
H08:09:14	563.014	16.895	16.629	20.364	13.329
H08:10:14	566.129	17.462	16.664	20.306	13.268
H08:11:14	569.243	17.736	16.697	20.378	13.241
H08:12:15	577.444	17.89	16.731	20.209	13.305
H08:13:14	590.434	17.477	16.765	20.037	13.25
H08:14:14	592.283	17.263	16.8	20.236	13.231
H08:15:15	588.578	17.344	16.832	20.105	13.222
H08:16:14	591.264	17.51	16.865	20.192	13.253
H08:17:14	596.228	17.452	16.896	20.121	13.255
H08:18:14	601.23	17.618	16.929	20.209	13.226
H08:19:15	608.355	17.706	16.963	20.184	13.241
H08:20:14	611.482	17.606	16.998	20.042	13.25
H08:21:14	616.595	16.931	17.031	20.061	13.275
H08:22:15	616.205	17.004	17.064	19.938	13.289
H08:23:14	621.253	17.341	17.096	19.99	13.341
H08:24:14	627.755	17.288	17.132	20.195	13.308
H08:25:15	638.266	17.06	17.165	20.095	13.301
H08:26:14	639.323	17.224	17.199	19.766	13.277
H08:27:14	647.122	17.513	17.232	20.039	13.286
H08:28:14	648.264	17.299	17.264	19.778	13.284
H08:29:14	645.059	17.185	17.298	20.132	13.305
H08:30:14	646.571	17.029	17.333	20.067	13.275
H08:31:14	650.548	16.976	17.364	20.147	13.279
H08:32:14	655.064	16.951	17.402	20.071	13.286
H08:33:14	660.586	16.858	17.44	20.04	13.281
H08:34:14	664.972	16.617	17.475	20.143	13.274
H08:35:14	673.491	16.892	17.509	19.775	13.231
H08:36:14	680.356	16.791	17.545	19.982	13.224
H08:37:14	686.396	16.945	17.581	20.068	13.267
H08:38:14	688.706	16.802	17.619	20.091	13.227
H08:39:14	686.669	16.726	17.655	20.011	13.238
H08:40:14	690.912	16.132	17.69	19.89	13.234
H08:41:14	656.161	15.924	17.727	20.013	13.244
H08:42:14	696.181	15.875	17.765	19.984	13.238
H08:43:14	702.838	15.975	17.8	20.033	13.231
H08:44:14	713.024	15.62	17.836	20.006	13.265
H08:45:14	711.733	15.386	17.87	20.077	13.232
H08:46:14	713.933	15.504	17.904	20.059	13.258
H08:47:14	716.256	15.129	17.939	20.028	13.226
H08:48:14	728.097	15.016	17.977	20.207	13.229
H08:49:15	731.548	15.148	18.015	20.045	13.241
H08:50:14	740.042	15.159	18.05	20.176	13.234
H08:51:14	745.706	15.22	18.083	20.113	13.263
H08:52:14	744.7	14.937	18.117	20.231	13.248
H08:53:14	743.215	14.87	18.15	20.192	13.215
H08:54:14	745.667	15.118	18.181	20.201	13.224
H08:55:14	747.516	15.461	18.211	19.76	13.267
H08:56:14	752.084	15.637	18.239	19.894	13.265
H08:57:14	761.992	15.412	18.269	20.049	13.217
H08:58:14	784.967	15.2	18.298	20.026	13.219
H08:59:14	805.807	15.495	18.325	19.925	13.227
H09:00:14	774.216	15.735	18.356	19.923	13.219
H09:01:14	771.419	15.391	18.386	20.096	13.207
H09:02:14	775.241	15.484	18.415	20.014	13.236
H09:03:14	780.646	15.461	18.445	20.11	13.21
H09:04:14	779.588	15.255	18.475	20.1	13.212
H09:05:14	800.772	15.365	18.504	20.029	13.231
H09:06:14	797.009	15.522	18.533	20.069	13.203
H09:07:14	794.362	15.975	18.562	19.986	13.229
H09:08:14	800.961	16.34	18.591	19.992	13.217
H09:09:14	802.829	16.218	18.62	19.995	13.202
H09:10:14	803.543	16.004	18.651	19.805	13.232
H09:11:14	807.618	15.984	18.681	19.977	13.196
H09:12:14	808.292	15.669	18.713	20.042	13.282
H09:13:14	813.12	15.703	18.744	20.087	13.191
H09:14:14	823.793	15.513	18.775	20.014	13.238
H09:15:14	825.928	15.363	18.812	20.072	13.198
H09:16:14	835.479	15.278	18.846	20.148	13.265
H09:17:14	841.993	15.565	18.88	20.128	13.202
H09:18:14	834.369	15.507	18.914	20.064	13.178
H09:19:14	834.285	15.487	18.947	20.145	13.205
H09:20:14	836.452	15.307	18.983	20.096	13.202
H09:21:14	836.945	15.42	19.012	20.14	13.196
H09:22:14	851.005	15.458	19.041	20.077	13.181
H09:23:14	860.102	15.539	19.07	20.032	13.176
H09:24:14	865.948	15.345	19.097	20.209	13.164
H09:25:15	857.493	15.299	19.124	20.16	13.164
H09:26:14	857.539	15.386	19.151	20.27	13.162
H09:27:14	861.698	15.729	19.178	20.193	13.162
H09:28:14	864.047	15.677	19.203	20.124	13.162
H09:29:14	867.265	15.409	19.226	20.208	13.162
H09:30:14	869.367	15.579	19.25	20.271	13.217
H09:31:14	878.133	15.61	19.274	20.233	13.208
H09:32:14	888.852	15.608	19.295	20.199	13.167
H09:33:14	880.572	15.755	19.317	20.165	13.174
H09:34:14	884.959	16.084	19.34	20.132	13.179
H09:35:14	891.453	15.892	19.362	20.031	13.188
H09:36:15	889.922	15.749	19.383	20.145	13.272
H09:37:14	890.941	16.172	19.402	19.993	13.183
H09:38:14	896.397	16.493	19.423	20.031	13.183
H09:39:14	898.824	16.152	19.442	20.05	13.183
H09:40:14	901.264	16.223	19.46	20.131	13.224
H09:41:14	899.272	16.152	19.48	20.162	13.188
H09:42:14	905.312	16.132	19.501	20.161	13.202
H09:43:15	908.381	16.343	19.523	20.042	13.202
H09:44:14	911.95	16.101	19.546	20.01	13.248
H09:45:14	913.319	16.223	19.567	19.943	13.203
H09:46:14	920.3	16.214	19.589	19.927	13.253
H09:47:14	919.963	15.692	19.609	20.094	13.212
H09:48:14	921.546	15.74	19.632	20.011	13.214
H09:49:14	925.459	15.732	19.654	20.041	13.258
H09:50:14	928.781	16.012	19.676	20.059	13.222
H09:51:14	933.219	16.015	19.699	20.02	13.224
H09:52:14	933.413	15.975	19.724	19.888	13.226
H09:53:14	937.754	16.226	19.748	19.9	13.227
H09:54:14	940.589	16.444	19.77	19.814	13.238
G09:55:14	942.004	16.422	19.793	19.804	13.239
G09:56:14	945.793	16.376	19.814	19.93	13.244
G09:57:14	949.063	16.26	19.836	19.995	13.293
G09:58:14	950.199	16.229	19.861	19.905	13.246
G09:59:14	952.489	16.422	19.886	19.941	13.246
G10:00:14	957.92	16.47	19.912	19.927	13.251
G10:01:14	958.536	16.388	19.938	19.971	13.26
G10:02:14	962.903	16.507	19.964	19.886	13.263
G10:03:14	963.565	16.766	19.991	19.861	13.27
G10:04:14	966.186	16.959	20.02	19.853	13.318
G10:05:14	968.84	17.185	20.052	19.793	13.277
G10:06:14	971.805	16.779	20.084	19.802	13.284
G10:07:14	972.142	16.589	20.114	20.022	13.294
G10:08:14	973.868	16.622	20.147	19.916	13.2
G10:09:15	978.689	16.872	20.18	19.936	13.232
G10:10:14	982.88	16.695	20.215	19.973	13.246
G10:11:14	984.866	16.569	20.248	20.012	13.265
G10:12:14	986.442	16.752	20.283	19.851	13.284
G10:13:14	989.284	16.878	20.312	20.006	13.234
H10:14:14	993.067	16.712	20.342	19.844	13.203
H10:15:14	995.669	16.622	20.373	20.006	13.243
I10:16:14	1001.878	16.769	20.401	19.987	13.256
I10:17:14	1000.34	16.591	20.429	19.949	13.281
H10:18:14	999.925	16.617	20.458	19.997	13.208
I10:19:14	1003.046	16.586	20.484	19.964	13.26
I10:20:14	1005.382	16.662	20.512	19.952	13.244
I10:21:14	1006.783	16.588	20.539	19.853	13.263
I10:22:14	1011.247	16.982	20.568	19.899	13.282
I10:23:15	1010.242	17.449	20.594	19.836	13.184
I10:24:14	1012.013	17.582	20.623	19.759	13.226
I10:25:14	1013.843	17.692	20.651	19.632	13.246
I10:26:14	1015.244	17.571	20.678	19.598	13.26
I10:27:15	1018.177	17.587	20.707	19.594	13.281
I10:28:14	1018.54	17.907	20.737	19.582	13.275
I10:29:14	1021.473	17.684	20.77	19.601	13.174
I10:30:14	1021.44	17.526	20.805	19.566	13.231
I10:31:14	1022.115	17.532	20.84	19.738	13.25
I10:32:14	1024.146	17.623	20.876	19.814	13.277
I10:33:14	1025.651	17.991	20.913	19.975	13.208
I10:34:14	1027.708	18.076	20.949	19.869	13.205
I10:35:14	1031.244	17.523	20.986	19.887	13.25
I10:36:14	1031.893	17.188	21.025	19.746	13.272
I10:37:14	1033.95	17.402	21.063	19.746	13.234
I10:38:14	1036.571	17.653	21.099	19.82	13.191
I10:39:14	1039.056	17.687	21.134	19.822	13.238
I10:40:14	1039.206	17.703	21.17	19.863	13.267
I10:41:15	1039.322	17.463	21.206	19.852	13.246
I10:42:14	1042.262	17.16	21.241	19.906	13.15
I10:43:14	1044.935	17.096	21.275	19.939	13.162
I10:44:14	1045.765	17.082	21.31	19.925	13.214
I10:45:14	1046.103	16.886	21.345	19.971	13.236
I10:46:14	1048.932	17.113	21.378	19.943	13.164
I10:47:14	1051.164	17.157	21.409	19.942	13.205
I10:48:15	1053.577	17.246	21.44	19.939	13.262
I10:49:14	1053.707	17.335	21.466	19.911	13.339
I10:50:14	1057.178	17.269	21.494	19.958	13.179
I10:51:14	1058.43	17.205	21.521	19.95	13.145
I10:52:14	1059.546	17.755	21.545	19.841	13.203
I10:53:14	1062.421	17.934	21.572	19.749	13.238
I10:54:14	1065.937	17.753	21.599	19.843	13.205
I10:55:15	1069.532	17.843	21.625	19.768	13.138
I10:56:14	1066.774	18.275	21.652	19.675	13.243
I10:57:14	1065.451	18.636	21.677	19.59	13.222
I10:58:14	1065.289	18.925	21.703	19.5	13.287
I10:59:14	1068.39	19.089	21.734	19.532	13.202
I11:00:14	1069.551	18.823	21.765	19.511	13.136
I11:01:14	1070.92	18.373	21.798	19.564	13.193
I11:02:14	1075.975	18.365	21.832	19.567	13.277
I11:03:14	1077.915	18.498	21.867	19.47	13.244
I11:04:14	1076.312	18.761	21.907	19.606	13.174
I11:05:14	1076.105	18.297	21.946	19.651	13.145
I11:06:14	1078.856	18.444	21.986	19.648	13.203
I11:07:14	1093.195	18.628	22.027	19.646	13.236
I11:08:14	1095.771	18.647	22.068	19.61	13.217
H11:09:14	991.056	18.368	22.107	19.431	13.142
I11:10:14	1078.739	18.596	22.146	19.465	13.19
I11:11:15	1083.274	18.712	22.184	19.385	13.224
I11:12:14	1084.215	18.468	22.225	19.497	13.244
I11:13:14	1082.47	18.644	22.264	19.493	13.188
I11:14:15	1085.941	19.033	22.304	19.489	13.136
I11:15:14	1086.564	18.59	22.346	19.349	13.2
I11:16:14	1085.143	18.777	22.387	19.319	13.229
I11:17:14	1085.448	18.906	22.429	19.447	13.172
I11:18:14	1095.901	19.143	22.469	19.433	13.124
I11:19:15	1094.207	19.267	22.512	19.074	13.133
I11:20:14	1093.403	18.562	22.554	19.302	13.19
I11:21:14	1098.288	17.948	22.597	19.515	13.222
I11:22:14	1094.83	17.986	22.642	19.648	13.19
I11:23:14	1078.616	17.893	22.686	19.672	13.129
I11:24:14	1111.46	18.286	22.729	19.635	13.128
I11:25:14	1113.867	18.482	22.772	19.645	13.191
I11:26:14	1118.967	18.609	22.812	19.7	13.227
I11:27:14	1119.842	18.893	22.849	19.732	13.183
I11:28:14	1001.755	18.839	22.886	19.538	13.126
I11:29:14	1114.457	18.833	22.923	19.686	13.143
I11:30:14	1106.937	18.588	22.959	19.642	13.238
I11:31:14	1080.38	18.52	22.994	19.412	13.224
I11:32:14	1105.867	18.262	23.029	19.789	13.198
I11:33:14	1122.594	17.986	23.062	19.916	13.131
I11:34:14	1118.642	18.03	23.096	19.866	13.129
I11:35:14	1134.331	18.216	23.13	19.737	13.193
H11:36:14	859.875	18.471	23.158	19.301	13.196
I11:37:14	1051.812	18.965	23.187	19.552	13.227
I11:38:15	1098.34	19.203	23.214	19.718	13.207
I11:39:14	1153.42	19.082	23.241	19.757	13.14
I11:40:14	1148.631	18.696	23.266	19.613	13.121
I11:41:14	1109.403	18.911	23.288	19.448	13.174
I11:42:14	1108.618	18.65	23.31	19.634	13.267
I11:43:14	1128.842	18.62	23.334	19.664	13.215
I11:44:14	1124.014	18.563	23.35	19.669	13.14
I11:45:14	1111.473	18.387	23.373	19.656	13.123
I11:46:14	1114.308	18.885	23.396	19.529	13.179
I11:47:14	1119.336	19.103	23.419	19.552	13.214
I11:48:14	1131.028	19.294	23.442	19.549	13.22
I11:49:14	1141.312	18.868	23.466	19.655	13.148
I11:50:14	1113.393	18.823	23.493	19.472	13.121
I11:51:14	1113.302	18.36	23.518	19.653	13.174
I11:52:14	1102.512	18.593	23.541	19.681	13.214
I11:53:15	1121.432	18.906	23.565	19.596	13.224
I11:54:14	1144.31	19.411	23.587	19.497	13.148
I11:55:14	1129.173	19.706	23.611	19.389	13.109
I11:56:14	1113.523	19.857	23.637	19.381	13.081
I11:57:14	1108.17	19.733	23.665	19.224	13.154
I11:58:14	1104.089	19.046	23.694	19.417	13.155
I11:59:14	1106.412	19.016	23.725	19.455	13.181
I12:00:14	1105.309	18.868	23.756	19.489	13.238
I12:01:14	1134.733	18.96	23.79	19.504	13.135
I12:02:14	1122.289	19.246	23.824	19.435	13.093
I12:03:14	1123.398	19.254	23.857	19.426	13.083
I12:04:14	1123.456	18.93	23.891	19.338	13.191
I12:05:14	1122.522	18.893	23.925	19.517	13.178
I12:06:14	1129.458	19.041	23.958	19.534	13.195
I12:07:14	1130.879	18.833	23.994	19.58	13.135
I12:08:15	1142.785	19.296	24.028	19.549	13.092
I12:09:14	1125.818	19.06	24.062	19.437	13.093
I12:10:14	1126.707	18.925	24.096	19.463	13.152
I12:11:14	1123.418	19.219	24.132	19.406	13.178
I12:12:15	1133.364	19.294	24.163	19.303	13.25
I12:13:14	1138.315	19.59	24.196	19.42	13.142
I12:14:14	1138.795	19.264	24.231	19.426	13.102
I12:15:15	1124.689	18.693	24.265	19.425	13.138
I12:16:14	1114.327	18.876	24.299	19.347	13.145
I12:17:14	1113.328	18.844	24.332	19.497	13.178
I12:18:14	1121.439	18.693	24.363	19.579	13.195
I12:19:15	1119.207	18.715	24.395	19.605	13.129
I12:20:14	1127.843	18.981	24.423	19.568	13.09
I12:21:14	1139.528	19.043	24.452	19.49	13.109
I12:22:14	1110.876	19.165	24.479	19.459	13.21
I12:23:15	1096.965	19.422	24.505	19.511	13.188
I12:24:14	1118.363	19.51	24.534	19.44	13.195
I12:25:14	1117.883	19.073	24.564	19.461	13.126
I12:26:15	1121.854	19.127	24.594	19.445	13.09
I12:27:14	1123.216	19.235	24.623	19.407	13.114
I12:28:14	1098.483	19.238	24.651	19.32	13.164
I12:29:14	1110.558	19.722	24.681	19.432	13.191
I12:30:14	1113.374	19.958	24.711	19.423	13.191
I12:31:14	1091.002	20.113	24.739	19.368	13.123
I12:32:14	1104.011	19.875	24.768	19.412	13.088
I12:33:14	1096.802	19.097	24.798	19.454	13.073
I12:34:14	1098.126	18.761	24.827	19.519	13.061
I12:35:14	1102.7	19.146	24.856	19.44	13.088
I12:36:14	1101.818	19.283	24.886	19.617	13.178
I12:37:14	1098.781	19.56	24.915	19.561	13.205
I12:38:14	1105.575	19.602	24.944	19.508	13.181
I12:39:14	1108.923	19.823	24.97	19.574	13.143
I12:40:14	1099.794	20.108	24.996	19.544	13.097
I12:41:14	1095.206	19.568	25.022	19.561	13.076
I12:42:14	1094.025	19.278	25.049	19.694	13.059
I12:43:14	1099.132	19.203	25.073	19.561	13.109
I12:44:14	1100.345	19.149	25.099	19.305	13.145
I12:45:14	1094.674	19.285	25.122	19.546	13.172
I12:46:14	1094.901	19.165	25.146	19.643	13.164
I12:47:14	1092.715	19.098	25.169	19.606	13.109
I12:48:14	1085.467	18.885	25.19	19.56	13.078
I12:49:14	1082.937	19.108	25.211	19.467	13.061
I12:50:14	1083.949	19.393	25.23	19.353	13.109
I12:51:14	1083.832	19.387	25.247	19.554	13.145
I12:52:14	1087.492	19.326	25.267	19.472	13.22
I12:53:14	1072.873	19.235	25.288	19.542	13.217
I12:54:14	1073.12	18.995	25.305	19.718	13.107
I12:55:14	1077.344	19.307	25.324	19.795	13.078
I12:56:14	1090.334	19.393	25.343	19.779	13.061
I12:57:14	1086.81	19.552	25.36	19.519	13.119
I12:58:14	1075.683	19.894	25.375	19.675	13.152
I12:59:14	1094.025	19.86	25.39	19.496	13.178
I13:00:14	1103.142	19.894	25.404	19.67	13.143
H13:01:14	690.133	19.743	25.418	19.028	13.092
I13:02:15	1078.985	19.318	25.432	19.721	13.071
I13:03:14	1065.503	19.214	25.446	19.535	13.085
I13:04:14	1068.04	18.963	25.462	19.548	13.138
I13:05:14	1070.337	19.157	25.478	19.598	13.166
I13:06:14	1072.659	19.563	25.494	19.594	13.183
I13:07:14	1062.427	19.928	25.508	19.552	13.123
I13:08:14	1064.523	20.186	25.524	19.544	13.085
I13:09:14	1040.763	20.1	25.539	19.53	13.066
I13:10:14	1050.541	19.852	25.555	19.522	13.117
I13:11:14	1053.992	19.696	25.571	19.442	13.155
I13:12:14	1058.346	19.762	25.586	19.443	13.176
I13:13:14	1062.006	20.139	25.604	19.456	13.207
I13:14:14	1065.931	19.738	25.624	19.497	13.114
I13:15:14	1074.126	19.502	25.645	19.57	13.078
I13:16:15	1073.412	19.103	25.665	19.615	13.066
I13:17:14	1070.577	19.122	25.683	19.63	13.174
I13:18:14	1072.912	19.259	25.706	19.56	13.155
I13:19:14	1068.448	19.366	25.726	19.456	13.186
I13:20:14	1066.126	19.245	25.749	19.533	13.154
I13:21:14	1062.888	19.733	25.767	19.524	13.097
I13:22:14	1062.388	19.899	25.785	19.584	13.075
I13:23:14	1012.928	20.255	25.801	19.594	13.09
I13:24:14	1064.14	20.545	25.818	19.556	13.145
I13:25:14	1066.184	20.54	25.836	19.524	13.215
I13:26:14	1083.625	20.43	25.854	19.554	13.231
I13:27:14	1105.25	19.994	25.87	19.606	13.112
I13:28:14	1079.822	20.086	25.886	19.505	13.083
I13:29:14	1081.62	20.2	25.905	19.506	13.064
H13:30:14	827.186	19.746	25.925	18.448	13.114
H13:31:14	520.269	19.229	25.945	18.656	13.104
H13:32:14	852.809	19.084	25.965	19.185	13.131
H13:33:14	485.602	18.925	25.984	18.812	13.119
I13:34:14	1068.397	19.262	26.001	20.04	13.148
I13:35:14	1055.368	19.393	26.016	19.927	13.2
I13:36:15	1060.429	19.603	26.029	19.895	13.099
I13:37:14	1077.973	19.446	26.042	19.867	13.071
I13:38:14	1065.477	19.342	26.055	19.804	13.059
I13:39:14	1064.666	19.48	26.067	19.784	13.04
I13:40:14	1066.71	19.957	26.079	19.726	13.044
H13:41:14	821.126	20.076	26.09	18.904	13.102
H13:42:14	881.072	19.518	26.098	19.526	13.117
H13:43:14	726.948	19.443	26.109	19.322	13.123
I13:44:14	1035.559	19.512	26.119	19.795	13.15
I13:45:14	1043.163	19.438	26.129	19.943	13.157
I13:46:14	1048.594	20.01	26.139	19.888	13.102
I13:47:14	1036.902	20.123	26.15	19.799	13.069
I13:48:14	1039.037	20.02	26.161	19.757	13.056
I13:49:14	1042.839	19.576	26.171	19.751	13.04
I13:50:14	1040.685	19.849	26.181	19.597	13.071
I13:51:14	1054.979	20.15	26.193	19.528	13.114
I13:52:14	1084.189	20.425	26.205	19.532	13.14
H13:53:14	561.931	19.613	26.217	18.587	13.136
H13:54:14	564.422	19.049	26.23	19.136	13.116
I13:55:14	1038.518	19.669	26.244	19.893	13.178
I13:56:14	1036.013	20.354	26.256	19.732	13.157
H13:57:14	678.993	20.007	26.268	19.294	13.099
I13:58:14	1033.71	19.762	26.278	19.828	13.068
I13:59:14	1041.606	19.944	26.287	19.727	13.054
H14:00:14	749.833	19.992	26.293	19.033	13.052
I14:01:14	1014.868	20.102	26.3	19.763	13.112
H14:02:14	988.467	20.294	26.306	19.656	13.135
H14:03:14	979.675	20.673	26.312	19.505	13.157
H14:04:14	969.443	20.982	26.32	19.553	13.176
H14:05:14	966.205	20.607	26.329	19.482	13.145
H14:06:14	965.044	20.451	26.338	19.576	13.09
H14:07:14	965.271	20.943	26.348	19.548	13.063
H14:08:14	962.721	20.414	26.358	19.582	13.047
H14:09:14	966.478	20.099	26.37	19.613	13.045
H14:10:14	966.504	20	26.382	19.606	13.107
H14:11:14	959.944	19.844	26.394	19.497	13.133
H14:12:14	853.224	20.152	26.407	19.478	13.142
H14:13:14	957.115	20.305	26.418	19.65	13.162
H14:14:14	958.88	20.618	26.43	19.656	13.174
H14:15:14	950.607	21.129	26.442	19.695	13.128
H14:16:14	948.077	21.124	26.456	19.64	13.083
H14:17:14	945.813	21.003	26.468	19.669	13.061
H14:18:14	952.333	20.992	26.479	19.678	13.039
H14:19:14	753.596	20.704	26.489	18.934	13.057
H14:20:14	942.51	20.417	26.501	19.629	13.112
H14:21:14	950.218	20.803	26.511	19.527	13.135
H14:22:14	876.426	20.495	26.52	19.535	13.203
H14:23:14	718.196	20.139	26.528	19.341	13.159
H14:24:14	805.223	19.873	26.535	19.669	13.155
H14:25:14	390.243	19.653	26.542	18.95	13.166
H14:26:14	954.436	20.225	26.548	19.935	13.193
H14:27:14	630.519	20.813	26.553	19.327	13.147
H14:28:14	923.811	20.995	26.558	19.85	13.162
H14:29:14	915.428	21.24	26.561	19.741	13.178
H14:30:14	911.755	21.634	26.563	19.81	13.171
H14:31:14	917.121	22.124	26.563	19.76	13.114
H14:32:14	935.275	21.833	26.563	19.789	13.078
H14:33:14	826.94	21.451	26.562	19.641	13.059
H14:34:14	526.965	20.831	26.562	18.854	13.045
H14:35:14	407.69	20.136	26.562	18.947	13.044
H14:36:14	948.33	20.901	26.563	19.986	13.148
H14:37:14	927.522	21.529	26.561	19.702	13.123
H14:38:14	518.997	21.258	26.559	19.105	13.117
H14:39:14	817.013	20.427	26.557	19.645	13.116
H14:40:14	344.422	19.897	26.555	18.804	13.109
H14:41:14	495.354	19.986	26.554	19.191	13.104
H14:42:14	800.993	20.393	26.553	20.017	13.114
H14:43:14	675.703	20.506	26.55	19.64	13.171
H14:44:14	923.026	20.873	26.546	20.169	13.183
H14:45:14	873.617	21.042	26.545	19.876	13.16
H14:46:14	330.349	20.288	26.541	18.576	13.135
H14:47:14	268.652	19.765	26.537	18.382	13.112
H14:48:14	139.644	19.322	26.531	18.264	13.08
H14:49:14	146.587	18.855	26.525	18.609	13.064
H14:50:14	382.009	19.006	26.517	19.545	13.059
H14:51:14	452.888	19.051	26.508	19.5	13.066
H14:52:14	131.086	19.057	26.493	18.546	13.057
H14:53:14	485.492	19.051	26.476	19.761	13.049
H14:54:14	884.848	19.073	26.457	20.583	13.117
H14:55:14	888.443	19.202	26.437	20.24	13.087
H14:56:14	333.717	19.339	26.415	18.776	13.083
H14:57:14	641.815	19.257	26.392	20.054	13.085
H14:58:14	862.794	19.173	26.368	20.342	13.095
H14:59:14	863.936	19.355	26.345	20.163	13.121
H15:00:14	648.777	19.949	26.322	19.565	13.123
H15:01:14	848.689	20.367	26.299	20.098	13.157
H15:02:14	708.93	19.854	26.279	19.769	13.136
H15:03:14	620.715	19.571	26.259	19.539	13.128
H15:04:14	817.532	19.31	26.241	19.922	13.142
H15:05:14	811.219	19.406	26.224	19.835	13.15
H15:06:14	812.854	19.637	26.208	19.685	13.16
H15:07:14	686.403	20.092	26.195	19.611	13.159
H15:08:14	567.296	20.097	26.184	19.255	13.142
H15:09:14	591.959	19.804	26.174	19.415	13.129
H15:10:14	388.433	19.958	26.165	18.68	13.116
H15:11:14	210.425	19.868	26.156	18.795	13.083
H15:12:14	550.174	19.494	26.149	19.402	13.081
H15:13:14	543.621	19.398	26.142	19.781	13.081
H15:14:14	781.353	19.313	26.135	20.101	13.095
H15:15:14	332.387	19.302	26.13	18.941	13.097
H15:16:14	407.281	19.208	26.123	19.416	13.08
H15:17:14	158.318	19.443	26.115	18.577	13.071
H15:18:14	472.878	19.105	26.108	19.843	13.063
H15:19:14	478.478	19.187	26.099	19.597	13.078
H15:20:14	445.316	19.297	26.09	19.582	13.061
H15:21:14	208.498	19.497	26.078	18.884	13.09
H15:22:14	239.616	19.182	26.067	19.339	13.054
H15:23:14	616.154	19.259	26.056	19.967	13.059
H15:24:14	174.169	19.219	26.043	18.895	13.049
H15:25:14	152.919	19.121	26.03	18.836	13.04
H15:26:14	161.945	19.339	26.017	18.334	13.129
H15:27:14	570.943	19.305	26.004	20.099	13.138
H15:28:14	230.494	19.398	25.988	18.981	13.09
H15:29:14	170.165	19.347	25.97	19.028	13.075
H15:30:14	460.207	19.262	25.951	20.084	13.087
H15:31:14	718.5	19.248	25.934	20.473	13.08
H15:32:14	720.35	19.398	25.916	19.998	13.085
H15:33:14	339.439	19.184	25.897	19.21	13.078
H15:34:14	209.277	19.363	25.877	18.972	13.063
H15:35:14	345.74	18.85	25.859	19.726	13.054
H15:36:14	346.252	19.197	25.839	19.484	13.052
H15:37:14	250.257	19.321	25.818	19.273	13.04
H15:38:14	338.992	18.976	25.797	19.572	13.039
H15:39:14	552.172	18.617	25.777	20.099	13.045
H15:40:14	772.217	18.914	25.759	20.425	13.093
H15:41:15	550.583	18.963	25.743	19.851	13.063
H15:42:14	683.866	19.197	25.725	20.142	13.064
H15:43:14	741.086	19.854	25.712	20.169	13.08
H15:44:14	224.687	19.565	25.697	18.888	13.068
H15:45:14	168.582	19.108	25.684	18.832	13.049
H15:46:14	161.555	18.615	25.671	18.25	13.076
H15:47:14	450.74	18.698	25.66	19.621	13.135
H15:48:14	187.282	18.433	25.646	19.097	13.092
H15:49:14	189.462	18.365	25.631	19.234	13.066
H15:50:14	487.633	18.725	25.615	20.008	13.059
H15:51:14	174	18.898	25.596	18.922	13.049
H15:52:14	126.869	18.319	25.579	18.328	13.051
H15:53:14	104.03	17.945	25.56	18.657	13.057
H15:54:14	108.358	17.929	25.541	18.49	13.068
H15:55:14	422.834	18.429	25.52	20.04	13.117
H15:56:14	635.735	19.711	25.499	20.345	13.148
H15:57:15	211.905	19.086	25.475	19.294	13.1
H15:58:14	502.368	19.242	25.451	20.059	13.08
H15:59:14	243.276	19.143	25.429	19.018	13.085
G16:00:14	95.193	18.295	25.406	18.401	13.045
G16:01:14	94.232	18.109	25.381	18.287	13.045
H16:02:14	187.664	18.044	25.357	18.481	13.088
H16:03:14	468.395	18.705	25.332	20.29	13.131
H16:04:14	601.782	19.582	25.305	20.443	13.159
H16:05:14	319.507	19.602	25.28	19.085	13.119
H16:06:14	256.064	18.882	25.252	19.388	13.08
H16:07:14	564.708	19.854	25.227	20.296	13.08
H16:08:14	560.01	20.563	25.199	20.158	13.08
H16:09:14	510.978	20.307	25.173	19.954	13.076
H16:10:14	537.742	20.404	25.146	20.089	13.064
H16:11:14	538.8	20.422	25.121	20.04	13.061
H16:12:14	480.119	20.06	25.099	19.854	13.061
H16:13:14	526.446	20.052	25.077	19.972	13.059
H16:14:14	523.727	20.31	25.057	20.039	13.08
H16:15:14	517.005	20.519	25.038	20.014	13.059
H16:16:14	508.681	20.223	25.02	20.004	13.057
H16:17:14	503.354	20.32	25.005	19.89	13.051
H16:18:14	501.784	20.66	24.988	19.865	13.044
H16:19:14	505.761	20.281	24.973	19.997	13.061
H16:20:14	274.576	19.78	24.958	19.106	13.047
H16:21:14	480.476	19.854	24.945	19.821	13.142
H16:22:14	487.704	20.27	24.931	19.74	13.2
H16:23:14	484.771	20.592	24.916	19.526	13.181
H16:24:14	377.078	20.727	24.905	19.469	13.155
H16:25:14	423.69	20.354	24.891	19.73	13.142
H16:26:14	312.902	20.146	24.879	19.259	13.131
H16:27:14	417.397	19.809	24.866	19.774	13.123
H16:28:14	451.915	20.54	24.857	19.779	13.155
H16:29:14	436.596	20.404	24.844	19.875	13.142
G16:30:14	354.499	20.107	24.834	19.084	13.136
F16:31:14	96.185	18.909	24.822	18.235	13.09
H16:32:14	425.838	19.442	24.814	20.009	13.109
G16:33:14	436.615	20.008	24.804	20.012	13.126
G16:34:14	396.53	20.092	24.794	19.793	13.121
G16:35:14	256.019	19.703	24.784	19.121	13.102
G16:36:14	161.958	19.105	24.774	18.616	13.08
G16:37:14	367.132	19.894	24.763	19.783	13.078
G16:38:14	239.785	20.548	24.752	18.697	13.08
F16:39:14	82.618	19.488	24.741	18.124	13.057
G16:40:14	299.718	19.902	24.73	19.472	13.059
G16:41:14	378.486	20.278	24.72	19.6	13.061
G16:42:14	379.764	20.367	24.707	19.928	13.078
G16:43:14	378.836	20.401	24.695	19.669	13.107
G16:44:14	374.879	20.469	24.684	19.574	13.08
G16:45:14	363.453	20.571	24.674	19.613	13.08
G16:46:14	361.844	20.367	24.665	19.569	13.092
G16:47:14	264.24	20.352	24.655	18.905	13.078
G16:48:14	283.536	19.685	24.646	19.338	13.068
G16:49:14	348.88	19.587	24.638	19.795	13.08
G16:50:14	316.834	19.592	24.632	19.685	13.087
G16:51:14	328.584	19.82	24.624	19.439	13.076
G16:52:14	212.541	20.165	24.615	19.105	13.068
G16:53:14	315.154	20.163	24.607	19.731	13.059
G16:54:14	323.653	19.999	24.599	19.64	13.059
G16:55:14	316.821	20.044	24.591	19.643	13.059
G16:56:14	310.644	20.087	24.582	19.638	13.059
G16:57:14	302.715	20.131	24.572	19.633	13.057
G16:58:15	296.746	20.123	24.563	19.645	13.051
G16:59:14	270.91	20.037	24.552	19.212	13.039
G17:00:14	110.045	19.174	24.539	17.976	13.04
F17:01:14	74.437	18.01	24.528	17.981	13.052
G17:02:14	261.865	17.865	24.516	19.549	13.148
G17:03:14	169.912	18.033	24.503	18.33	13.172
G17:04:14	193.549	18.063	24.489	19.305	13.133
G17:05:14	261.385	18.082	24.478	19.505	13.179
G17:06:14	254.624	17.849	24.465	19.469	13.162
G17:07:14	235.574	17.717	24.452	18.762	13.162
G17:08:14	234.835	17.775	24.44	19.379	13.162
G17:09:14	233.641	17.706	24.427	19.302	13.162
G17:10:14	229.008	17.585	24.413	18.896	13.169
G17:11:14	222.578	17.449	24.4	18.594	13.16
G17:12:15	215.441	17.394	24.385	19.011	13.145
G17:13:14	212.132	17.416	24.373	18.938	13.154
G17:14:14	208.79	17.333	24.359	18.522	13.142
G17:15:15	205.598	17.258	24.345	19.226	13.131
G17:16:14	201.906	17.297	24.332	18.626	13.131
G17:17:14	197.858	17.33	24.318	18.862	13.121
G17:18:14	194.737	17.305	24.305	18.757	13.102
G17:19:14	188.462	17.196	24.291	18.498	13.08
G17:20:14	181.014	17.241	24.276	18.196	13.071
G17:21:14	174.642	17.13	24.263	17.827	13.056
G17:22:14	169.348	16.954	24.249	17.846	13.039
G17:23:14	164.365	16.909	24.235	17.794	13.039
G17:24:14	159.816	16.97	24.218	17.668	13.042
G17:25:14	156.52	17.11	24.202	16.414	13.04
G17:26:14	151.966	16.998	24.186	16.85	13.042
G17:27:14	145.075	16.822	24.171	17.076	13.042
G17:28:14	124.994	16.875	24.154	17.518	13.042
F17:29:14	87.491	16.881	24.136	16.909	13.051
F17:30:14	50.17	16.968	24.117	17.159	13.042
F17:31:14	32.697	16.842	24.098	16.889	13.042
F17:32:14	29.336	16.721	24.078	16.561	13.042
F17:33:14	27.967	16.721	24.059	16.675	13.042
F17:34:14	26.871	16.574	24.039	16.574	13.044
F17:35:14	26.598	16.487	24.02	16.576	13.042
F17:36:14	26.118	16.679	24	15.708	13.04
F17:37:14	25.683	16.912	23.977	15.716	13.037
F17:38:14	25.333	16.814	23.955	15.958	13.039
F17:39:15	24.561	16.659	23.933	16.107	13.037
F17:40:14	23.769	16.662	23.912	16.038	13.04
F17:41:14	23.639	16.535	23.889	15.563	13.042
F17:42:14	23.25	16.263	23.866	15.141	13.049
F17:43:14	22.854	16.232	23.843	15.59	13.045
F17:44:14	21.953	16.184	23.821	15.876	13.039
F17:45:14	21.622	16.32	23.796	15.338	13.039
F17:46:14	21.401	16.594	23.77	15.344	13.037
F17:47:14	21.349	16.676	23.744	14.535	13.035
F17:48:14	20.856	16.653	23.719	14.612	13.039
F17:49:14	20.259	16.377	23.693	14.472	13.039
F17:50:14	19.656	16.394	23.664	13.972	13.037
F17:51:14	19.403	16.357	23.635	14.297	13.04
E17:52:14	19.098	16.357	23.604	13.332	13.054
E17:53:14	18.715	16.001	23.575	13.337	13.059
E17:54:14	18.553	15.763	23.545	13.338	13.059
E17:55:14	18.157	15.715	23.513	13.337	13.059
E17:56:14	17.32	15.709	23.477	13.332	13.059
E17:57:14	16.956	15.85	23.44	13.326	13.045
E17:58:14	16.379	15.844	23.405	13.318	13.039
E17:59:14	15.075	15.772	23.367	13.308	13.023
E18:00:14	14.257	15.706	23.338	13.295	13.009
E18:01:14	13.498	15.651	23.299	13.271	13.001
E18:02:14	12.343	15.545	23.26	12.81	12.994
F18:03:14	10.806	15.539	23.217	11.93	12.98
E18:04:14	9.248	15.493	23.174	10.849	12.977
D18:05:14	8.444	15.548	23.13	9.952	12.977
D18:06:14	8.113	15.444	23.084	9.346	12.968
D18:07:14	7.691	15.365	23.035	8.852	12.958
D18:08:14	7.367	15.429	22.985	8.329	12.956
D18:09:14	7.211	15.697	22.938	7.689	12.956
D18:10:14	7.075	15.726	22.89	7.016	12.954
D18:11:14	7.386	15.72	22.844	6.422	12.946
D18:12:14	7.484	15.302	22.8	5.828	12.939
D18:13:14	7.529	15.357	22.757	5.194	12.936
D18:14:14	7.724	15.545	22.715	4.566	12.93
D18:15:14	7.652	15.553	22.675	3.869	12.92
D18:16:14	7.594	15.392	22.632	3.121	12.915
D18:17:14	7.464	15.252	22.589	2.387	12.917
D18:18:14	7.016	15.2	22.547	1.778	12.915
D18:19:14	6.835	15.354	22.506	1.269	12.913
D18:20:14	6.815	15.452	22.462	0.847	12.908
D18:21:14	6.608	15.374	22.42	0.548	12.894
D18:22:14	6.342	15.386	22.376	0.354	12.894
D18:23:14	6.549	15.267	22.332	0.251	12.894
D18:24:14	6.536	15.168	22.289	0.179	12.894
D18:25:14	6.614	15.142	22.247	0.127	12.891
D18:26:14	6.835	15.185	22.205	0.108	12.881
D18:27:14	7.341	15.244	22.164	0.072	12.877
D18:28:14	7.659	15.235	22.124	0.053	12.874
D18:29:15	7.756	15.342	22.086	0.022	12.87
D18:30:14	7.86	15.29	22.047	0.015	12.865
D18:31:14	7.711	15.028	22.01	0.009	12.857
D18:32:14	7.86	15.183	21.973	0.007	12.853
D18:33:14	8.016	15.037	21.942	0.01	12.853
D18:34:14	8.093	15.005	21.909	0.008	12.853
D18:35:14	8.321	15.063	21.877	0.001	12.85
D18:36:14	8.372	15.127	21.845	0.01	12.839
D18:37:14	8.295	15.217	21.811	0.01	12.836
D18:38:14	8.327	15.194	21.775	0.005	12.833
D18:39:14	8.301	15.162	21.742	0.007	12.833
D18:40:14	8.366	15.226	21.707	0.006	12.833
D18:41:14	8.509	15.276	21.674	0.012	12.833
D18:42:14	8.651	15.322	21.642	0.007	12.833
D18:43:14	8.671	15.305	21.609	0.007	12.827
D18:44:14	8.561	15.133	21.573	0.011	12.821
D18:45:14	8.418	15.019	21.54	0.011	12.815
D18:46:14	8.528	14.879	21.512	0.006	12.812
D18:47:14	8.444	14.788	21.483	0.012	12.812
D18:48:14	8.353	14.961	21.457	0.012	12.812
D18:49:14	8.801	15.31	21.431	0.009	12.805
D18:50:14	8.866	15.345	21.405	0.007	12.798
D18:51:14	8.58	15.022	21.38	0.008	12.793
D18:52:14	8.333	14.905	21.356	0.007	12.791
D18:53:14	8.288	14.937	21.331	0.01	12.791
D18:54:14	8.178	14.8	21.309	0.01	12.791
D18:55:14	8.067	14.715	21.286	0.007	12.79
D18:56:14	7.886	14.773	21.262	0.015	12.776
D18:57:14	7.646	14.85	21.242	0.009	12.774
D18:58:14	7.503	14.823	21.22	0.006	12.771
D18:59:14	7.497	14.894	21.197	0.005	12.769
C19:00:14	0	15.04	21.173	0.01	12.767
C19:01:14	0	14.955	21.148	0.012	12.766
C19:02:14	0	14.762	21.126	0.003	12.755
C19:03:14	0	14.706	21.105	0.01	12.75
C19:04:14	0	14.741	21.083	0.012	12.75
C19:05:14	0	14.738	21.063	0.007	12.75
C19:06:14	0	14.77	21.042	0.009	12.75
C19:07:14	0	14.776	21.02	0.012	12.75
C19:08:14	0	14.588	20.999	0.014	12.75
C19:09:15	0	14.517	20.978	0.01	12.738
C19:10:14	0	14.529	20.957	0.017	12.737
C19:11:14	0	14.579	20.938	0.012	12.73
C19:12:14	0	14.496	20.918	0.008	12.73
C19:13:14	0	14.464	20.9	0.012	12.73
C19:14:14	0	14.644	20.88	0.004	12.728
C19:15:14	0	14.676	20.86	0.007	12.721
C19:16:15	0	14.629	20.841	0.006	12.714
C19:17:14	0	14.647	20.82	0.013	12.712
C19:18:14	0	14.606	20.799	0.01	12.709
C19:19:14	0	14.541	20.781	0.012	12.709
C19:20:14	0	14.485	20.76	0.012	12.707
C19:21:14	0	14.425	20.741	0.013	12.706
C19:22:14	0	14.402	20.723	0.007	12.7
C19:23:15	0	14.416	20.703	0.008	12.692
C19:24:14	0	14.372	20.685	0.009	12.688
C19:25:14	0	14.381	20.67	0.01	12.688
C19:26:14	0	14.366	20.65	0.007	12.688
C19:27:14	0	14.408	20.631	0.011	12.688
C19:28:14	0	14.319	20.611	0.007	12.683
C19:29:14	0	14.336	20.592	0.007	12.682
C19:30:14	0	14.446	20.573	0.016	12.668
C19:31:14	0	14.496	20.553	0.01	12.668
C19:32:14	0	14.467	20.534	0.012	12.668
C19:33:14	0	14.333	20.514	0.01	12.668
C19:34:19	0	14.298	20.494	0.007	12.668
C19:35:14	0	14.339	20.474	0.01	12.668
C19:36:14	0	14.333	20.453	0.01	12.668
C19:37:14	0	14.366	20.431	0.002	12.666
C19:38:14	0	14.325	20.408	0.01	12.659
C19:39:14	0	14.422	20.388	0.01	12.654
C19:40:14	0	14.342	20.367	0.007	12.647
C19:41:14	0	14.25	20.346	0.007	12.649
C19:42:14	0	14.241	20.324	0.006	12.647
C19:43:19	0	14.319	20.303	0.011	12.647
C19:44:19	0	14.369	20.284	0.01	12.647
C19:45:19	0	14.482	20.263	0.007	12.642
C19:46:19	0	14.532	20.244	0.008	12.628
C19:47:19	0	14.408	20.223	0.008	12.628
C19:48:19	0	14.325	20.204	0.01	12.627
C19:49:19	0	14.229	20.185	0.007	12.627
C19:50:19	0	14.244	20.167	0.007	12.627
C19:51:19	0	14.215	20.149	0.007	12.627
C19:52:19	0	14.122	20.131	0.007	12.623
C19:53:20	0	14.167	20.114	0.006	12.623
C19:54:20	0	14.146	20.095	0.01	12.613
C19:55:19	0	14.113	20.074	0.013	12.608
C19:56:26	0	14.11	20.051	0.009	12.606
C19:57:24	0	14.137	20.032	0.014	12.606
C19:58:24	0	14.188	20.012	0.006	12.604
C19:59:25	0	14.2	19.993	0.01	12.604
C20:00:24	0	14.215	19.975	0.013	12.592
C20:01:24	0	14.25	19.958	0.008	12.592
C20:02:24	0	14.31	19.94	0.012	12.589
C20:03:26	0	14.256	19.922	0.011	12.586
C20:04:24	0	14.146	19.903	0.003	12.586
C20:05:24	0	14.146	19.885	0.014	12.586
C20:06:24	0	14.152	19.864	0.01	12.586
C20:07:24	0	14.25	19.843	0.012	12.584
C20:08:24	0	14.331	19.824	0.01	12.579
C20:09:24	0	14.331	19.806	0.01	12.575
C20:10:24	0	14.31	19.787	0.01	12.568
C20:11:24	0	14.31	19.768	0.009	12.565
C20:12:24	0	14.331	19.749	0.021	12.567
C20:13:24	0	14.431	19.729	0.004	12.565
C20:14:24	0	14.535	19.71	0.007	12.565
C20:15:24	0	14.644	19.69	0.009	12.565
C20:16:24	0	14.623	19.671	0.007	12.561
C20:17:24	0	14.508	19.652	0.006	12.561
C20:18:24	0	14.449	19.631	0.013	12.561
C20:19:24	0	14.366	19.613	0.012	12.546
C20:20:24	0	14.259	19.596	0.002	12.548
C20:21:25	0	14.2	19.577	0.013	12.546
C20:22:24	0	14.042	19.558	0.01	12.544
C20:23:24	0	14.033	19.538	0.012	12.544
C20:24:24	0	14.167	19.518	0.011	12.544
C20:25:24	0	14.018	19.497	0.008	12.541
C20:26:24	0	13.697	19.48	0.01	12.532
C20:27:24	0	13.537	19.463	0.005	12.527
C20:28:24	0	13.497	19.448	0.005	12.525
C20:29:24	0	13.54	19.433	0.005	12.524
C20:30:24	0	13.814	19.416	0.007	12.524
C20:31:24	0	14.027	19.401	0.007	12.524
C20:32:31	0	13.871	19.375	0.008	12.517
C20:34:06	0	13.624	19.343	0.008	12.51
C20:35:29	0	13.427	19.322	0.011	12.505
C20:36:29	0	13.446	19.307	0.012	12.505
C20:37:29	0	13.621	19.29	0.006	12.503
C20:38:36	0	13.793	19.274	0.007	12.503
C20:39:34	0	13.949	19.259	0.007	12.503
C20:40:34	0	13.892	19.243	0.012	12.503
C20:41:34	0	13.85	19.227	0.009	12.503
C20:42:34	0	13.886	19.21	0.008	12.501
C20:43:34	0	14.071	19.196	0.006	12.496
C20:44:35	0	13.916	19.18	0.009	12.493
C20:45:35	0	13.865	19.163	0.009	12.486
C20:46:34	0	13.835	19.146	0.012	12.483
C20:47:34	0	13.883	19.132	0.01	12.483
C20:48:35	0	13.721	19.118	0.004	12.483
C20:49:34	0	13.639	19.104	0.01	12.483
C20:50:34	0	13.775	19.09	0.01	12.483
C20:51:34	0	13.967	19.074	0.01	12.483
C20:52:34	0	14.137	19.058	0.01	12.483
C20:53:34	0	14.17	19.042	0.006	12.476
C20:54:34	0	14.307	19.026	0.01	12.474
C20:55:34	0	14.286	19.012	0.01	12.467
C20:56:34	0	14.241	19	0.009	12.465
C20:57:34	0	14.021	18.988	0.004	12.462
C20:58:34	0	13.763	18.973	0.011	12.462
C20:59:34	0	13.685	18.959	0.008	12.462
C21:00:34	0	13.727	18.945	0.013	12.462
C21:01:34	0	13.922	18.932	0.012	12.46
C21:02:34	0	13.922	18.92	0.007	12.462
C21:03:34	0	13.922	18.909	0.01	12.457
C21:04:36	0	14.08	18.895	0.012	12.448
C21:05:34	0	14.125	18.883	0.005	12.452
C21:06:34	0	13.997	18.87	0.008	12.445
C21:07:34	0	13.934	18.859	0.01	12.447
C21:08:34	0	13.85	18.848	0.007	12.441
C21:09:34	0	13.907	18.837	0.01	12.441
C21:10:34	0	13.967	18.827	0.003	12.44
C21:11:34	0	14.06	18.815	0.006	12.436
C21:12:34	0	14.191	18.801	0.017	12.435
C21:13:34	0	14.045	18.787	0.005	12.428
C21:14:34	0	13.922	18.773	0.004	12.424
C21:15:34	0	13.712	18.759	0.006	12.421
C21:16:34	0	13.811	18.747	0.011	12.421
C21:17:34	0	13.931	18.734	0.007	12.422
C21:18:34	0	13.901	18.722	0.013	12.421
C21:19:34	0	13.85	18.711	0.007	12.421
C21:20:34	0	13.892	18.698	0.01	12.421
C21:21:34	0	13.937	18.686	0.007	12.421
C21:22:34	0	13.955	18.675	0.007	12.421
C21:23:34	0	13.886	18.665	0.012	12.421
C21:24:34	0	14.006	18.656	0.011	12.416
C21:25:34	0	14.086	18.648	0.003	12.417
C21:26:34	0	14.015	18.64	0.009	12.417
C21:27:34	0	14.131	18.633	0.013	12.41
C21:28:34	0	14.143	18.625	0.007	12.404
C21:29:34	0	14.131	18.619	0.012	12.402
C21:30:34	0	13.991	18.613	0.017	12.402
C21:31:34	0	14.155	18.608	0.01	12.4
C21:32:34	0	14.289	18.6	0.002	12.4
C21:33:34	0	14.218	18.592	0.008	12.4
C21:34:34	0	14.024	18.585	0.007	12.4
C21:35:34	0	13.943	18.579	0.007	12.4
C21:36:34	0	13.88	18.571	0.008	12.398
C21:37:34	0	13.988	18.564	0.015	12.392
C21:38:34	0	14.235	18.555	0.004	12.395
C21:39:34	0	14.405	18.546	0.003	12.383
C21:40:34	0	14.408	18.533	0.006	12.383
C21:41:34	0	14.369	18.517	0.01	12.383
C21:42:34	0	14.185	18.501	0.009	12.38
C21:43:34	0	14.179	18.486	0.014	12.38
C21:44:37	0	14.086	18.472	0.009	12.38
C21:45:39	0	13.985	18.461	0.012	12.38
C21:46:39	0	14.009	18.45	0.008	12.378
C21:47:40	0	13.979	18.444	0.005	12.376
C21:48:39	0	13.994	18.437	0.01	12.369
C21:49:39	0	14.009	18.429	0.009	12.369
C21:50:39	0	13.841	18.423	0.006	12.362
C21:51:39	0	13.793	18.418	0.013	12.361
C21:52:39	0	14.074	18.415	0.006	12.361
C21:53:39	0	14.247	18.413	0.007	12.359
C21:54:39	0	14.203	18.409	0.008	12.359
C21:55:39	0	14.182	18.407	0.01	12.359
C21:56:41	0	14.215	18.404	0.012	12.359
C21:57:39	0	14.268	18.401	0.01	12.359
C21:58:40	0	14.194	18.396	0.006	12.357
C21:59:39	0	14.152	18.394	0.01	12.359
C22:00:39	0	14.024	18.391	0.006	12.35
C22:01:39	0	14.036	18.389	0.01	12.354
C22:02:39	0	14.083	18.386	0.006	12.35
C22:03:42	0	14.155	18.385	0.008	12.345
C22:04:39	0	14.226	18.381	0.006	12.344
C22:05:39	0	14.218	18.379	0.007	12.344
C22:06:39	0	14.134	18.377	0.002	12.34
C22:09:08	0	14.149	18.376	0.011	12.338
C22:10:08	0	14.203	18.375	0.009	12.338
C22:11:09	0	14.339	18.373	0.007	12.338
C22:12:08	0	14.405	18.371	0.004	12.338
C22:13:08	0	14.561	18.37	0.007	12.338
C22:14:08	0	14.366	18.369	0.008	12.338
C22:15:08	0	14.271	18.366	0.002	12.337
C22:16:09	0	14.247	18.363	0.009	12.338
C22:17:09	0	14.336	18.361	0.008	12.338
C22:18:08	0	14.437	18.36	0.011	12.338
C22:19:08	0	14.39	18.359	0.007	12.337
C22:20:08	0	14.375	18.358	0.012	12.338
C22:21:08	0	14.357	18.357	0.007	12.335
C22:22:08	0	14.304	18.358	0.01	12.326
C22:23:08	0	14.322	18.358	0.01	12.325
C22:24:08	0	14.304	18.358	0.008	12.32
C22:25:08	0	14.44	18.359	0.007	12.323
C22:26:08	0	14.632	18.36	0.015	12.321
C22:27:08	0	14.6	18.361	0.009	12.321
C22:28:08	0	14.437	18.361	0.005	12.32
C22:29:08	0	14.224	18.362	0.007	12.318
C22:30:08	0	14.262	18.362	0.01	12.318
C22:31:23	0	14.125	18.363	0.006	12.318
C22:32:23	0	14.098	18.363	0.012	12.318
C22:33:23	0	14.092	18.364	0.009	12.318
