C00:00:14	0	14.428	18.662	0.008	12.297
C00:01:14	0	14.623	18.657	0.015	12.297
C00:02:14	0	14.635	18.652	0.005	12.297
C00:03:14	0	14.558	18.647	0.01	12.297
C00:04:15	0	14.665	18.644	0.01	12.297
C00:05:14	0	14.72	18.638	0.01	12.297
C00:06:14	0	14.77	18.634	0.002	12.297
C00:07:14	0	14.665	18.629	0.008	12.297
C00:08:15	0	14.597	18.625	0.011	12.297
C00:09:14	0	14.685	18.622	0.004	12.297
C00:10:14	0	14.715	18.618	0.015	12.297
C00:11:14	0	14.712	18.616	0.01	12.297
C00:12:14	0	14.502	18.613	0.014	12.297
C00:13:14	0	14.354	18.612	0.011	12.297
C00:14:14	0	14.227	18.611	0.01	12.297
C00:15:14	0	14.235	18.609	0.004	12.297
C00:16:14	0	14.354	18.605	0.012	12.297
C00:17:14	0	14.532	18.603	0.01	12.297
C00:18:15	0	14.496	18.6	0.005	12.297
C00:19:14	0	14.396	18.598	0.009	12.297
C00:20:14	0	14.339	18.594	0.007	12.297
C00:21:14	0	14.345	18.591	0.007	12.297
C00:22:14	0	14.229	18.588	0.005	12.297
C00:23:14	0	14.188	18.584	0.007	12.297
C00:24:14	0	14.149	18.582	0.015	12.297
C00:25:14	0	14.351	18.579	0.006	12.297
C00:26:14	0	14.351	18.575	0.004	12.297
C00:27:14	0	14.194	18.572	0.006	12.297
C00:28:14	0	14.176	18.569	0.008	12.297
C00:29:14	0	14.232	18.566	0.007	12.297
C00:30:14	0	14.232	18.564	0.004	12.297
C00:31:14	0	14.357	18.56	0.01	12.297
C00:32:14	0	14.357	18.558	0.004	12.297
C00:33:14	0	14.387	18.556	0.01	12.297
C00:34:14	0	14.316	18.553	0.012	12.297
C00:35:15	0	14.36	18.55	0.01	12.297
C00:36:14	0	14.428	18.547	0.007	12.297
C00:37:14	0	14.458	18.545	0.014	12.297
C00:38:14	0	14.585	18.543	0.015	12.297
C00:39:14	0	14.632	18.54	0.007	12.297
C00:40:14	0	14.67	18.536	0.01	12.297
C00:41:14	0	14.685	18.532	0.009	12.297
C00:42:14	0	14.523	18.528	0.007	12.297
C00:43:14	0	14.351	18.522	0.007	12.297
C00:44:14	0	14.271	18.517	0.009	12.297
C00:45:15	0	14.215	18.511	0.013	12.297
C00:46:14	0	14.197	18.506	0.004	12.297
C00:47:14	0	14.155	18.5	0.009	12.297
C00:48:14	0	14.131	18.495	0.01	12.297
C00:49:14	0	14.218	18.49	0.004	12.297
C00:50:14	0	14.325	18.484	0.005	12.297
C00:51:14	0	14.238	18.48	0.01	12.297
C00:52:14	0	14.235	18.475	0.003	12.297
C00:53:14	0	14.215	18.471	0.011	12.297
C00:54:14	0	14.212	18.466	0.012	12.297
C00:55:14	0	14.179	18.462	0.011	12.297
C00:56:14	0	14.218	18.456	0.012	12.297
C00:57:14	0	14.182	18.452	0.007	12.297
C00:58:14	0	14.119	18.447	0.009	12.297
C00:59:14	0	14.086	18.444	0.009	12.297
C01:00:14	0	13.985	18.439	0.006	12.297
C01:01:14	0	13.952	18.434	0.008	12.297
C01:02:14	0	13.955	18.43	0.015	12.297
C01:03:14	0	13.853	18.424	0.01	12.296
C01:04:14	0	13.814	18.42	0.015	12.297
C01:05:14	0	13.694	18.415	0.009	12.297
C01:06:14	0	13.688	18.41	0.001	12.297
C01:07:14	0	13.691	18.404	0.01	12.297
C01:08:14	0	13.633	18.398	0.007	12.296
C01:09:14	0	13.612	18.391	0.009	12.297
C01:10:14	0	13.57	18.383	0.015	12.297
C01:11:14	0	13.5	18.376	0.01	12.297
C01:12:14	0	13.482	18.367	0.011	12.297
C01:13:14	0	13.54	18.359	0.012	12.297
C01:14:14	0	13.624	18.352	0.004	12.297
C01:15:14	0	13.666	18.343	0.011	12.296
C01:16:14	0	13.724	18.333	0.012	12.297
C01:17:14	0	13.88	18.324	0.002	12.297
C01:18:14	0	13.871	18.314	0.01	12.297
C01:19:14	0	13.669	18.305	0.004	12.297
C01:20:14	0	13.488	18.296	0.015	12.297
C01:21:14	0	13.327	18.285	0.01	12.296
C01:22:14	0	13.245	18.274	0.011	12.296
C01:23:14	0	13.202	18.263	0.007	12.294
C01:24:14	0	13.187	18.252	0.004	12.292
C01:25:14	0	13.205	18.241	0.017	12.297
C01:26:14	0	13.209	18.23	0.008	12.296
C01:27:14	0	13.224	18.218	0.006	12.296
C01:28:14	0	13.227	18.206	0.008	12.296
C01:29:14	0	13.324	18.194	0.007	12.294
C01:30:14	0	13.482	18.184	0.01	12.294
C01:31:14	0	13.455	18.173	0.014	12.297
C01:32:14	0	13.406	18.163	0.011	12.296
C01:33:14	0	13.452	18.151	0.012	12.297
C01:34:14	0	13.552	18.14	0.008	12.292
C01:35:14	0	13.618	18.13	0.01	12.29
C01:36:14	0	13.633	18.12	0.01	12.292
C01:37:14	0	13.712	18.109	0.008	12.289
C01:38:14	0	13.63	18.099	0.012	12.294
C01:39:14	0	13.518	18.089	0.009	12.294
C01:40:14	0	13.464	18.08	0.008	12.287
C01:41:14	0	13.521	18.072	0.009	12.29
C01:42:14	0	13.594	18.064	0.009	12.29
C01:43:14	0	13.757	18.055	0.003	12.289
C01:44:14	0	13.862	18.047	0.009	12.294
C01:45:14	0	13.949	18.039	0.007	12.294
C01:46:14	0	14.003	18.032	0.014	12.297
C01:47:14	0	14.042	18.025	0.007	12.29
C01:48:14	0	13.973	18.019	0.013	12.287
C01:49:14	0	13.952	18.01	0.003	12.29
C01:50:14	0	14.089	18.003	0.007	12.289
C01:51:14	0	14.077	17.994	0.011	12.287
C01:52:14	0	14.039	17.985	0.002	12.285
C01:53:14	0	13.958	17.977	0.01	12.283
C01:54:14	0	13.955	17.97	0.009	12.283
C01:55:14	0	13.931	17.962	0.004	12.287
C01:56:14	0	13.91	17.954	0.017	12.283
C01:57:14	0	13.862	17.947	0.01	12.283
C01:58:14	0	13.919	17.938	0.015	12.287
C01:59:14	0	13.862	17.93	0.012	12.282
C02:00:14	0	13.886	17.924	0.009	12.28
C02:01:14	0	13.859	17.917	0.01	12.28
C02:02:14	0	13.907	17.908	0.015	12.282
C02:03:14	0	13.763	17.9	0.008	12.282
C02:04:15	0	13.636	17.891	0.01	12.28
C02:05:14	0	13.603	17.882	0.006	12.282
C02:06:14	0	13.724	17.875	0.016	12.285
C02:07:14	0	13.937	17.866	0.007	12.277
C02:08:14	0	13.901	17.857	0.01	12.28
C02:09:14	0	13.669	17.849	0.015	12.28
C02:10:14	0	13.657	17.841	0.015	12.278
C02:11:14	0	13.678	17.832	0.012	12.277
C02:12:14	0	13.772	17.827	0.018	12.28
C02:13:14	0	13.748	17.82	0.007	12.28
C02:14:14	0	13.678	17.814	0.009	12.277
C02:15:14	0	13.651	17.808	0.015	12.278
C02:16:14	0	13.612	17.803	0.011	12.277
C02:17:14	0	13.636	17.798	0.007	12.277
C02:18:14	0	13.663	17.792	0.009	12.277
C02:19:14	0	13.654	17.787	0.007	12.277
C02:20:14	0	13.434	17.783	0.007	12.277
C02:21:14	0	13.488	17.777	0.008	12.278
C02:22:14	0	13.464	17.773	0.004	12.277
C02:23:14	0	13.47	17.768	0.007	12.277
C02:24:14	0	13.488	17.764	0.01	12.277
C02:25:14	0	13.534	17.762	0.015	12.278
C02:26:14	0	13.687	17.759	0.017	12.277
C02:27:14	0	13.778	17.755	0.013	12.277
C02:28:14	0	13.775	17.751	0.006	12.277
C02:29:14	0	13.94	17.745	0.001	12.275
C02:30:14	0	14.107	17.739	0.005	12.277
C02:31:14	0	14.194	17.732	0.011	12.277
C02:32:14	0	14.215	17.727	0.007	12.277
C02:33:14	0	14.182	17.722	0.004	12.277
C02:34:14	0	14.167	17.716	0.015	12.275
C02:35:14	0	14.206	17.71	0.009	12.277
C02:36:14	0	14.256	17.702	0.008	12.277
C02:37:14	0	14.221	17.696	0.008	12.277
C02:38:14	0	14.104	17.691	0.012	12.277
C02:39:14	0	14.119	17.687	0.011	12.275
C02:40:14	0	13.916	17.681	0.011	12.275
C02:41:14	0	13.907	17.678	0.006	12.277
C02:42:14	0	13.787	17.675	0.01	12.275
C02:43:14	0	13.672	17.671	0.018	12.275
C02:44:14	0	13.588	17.666	0.007	12.273
C02:45:14	0	13.588	17.664	0.008	12.268
C02:46:14	0	13.642	17.661	0.005	12.271
C02:47:14	0	13.543	17.659	0.007	12.271
C02:48:14	0	13.57	17.656	0.009	12.275
C02:49:14	0	13.697	17.653	0.005	12.273
C02:50:14	0	13.802	17.65	0.011	12.273
C02:51:14	0	13.826	17.643	0.009	12.271
C02:52:14	0	13.907	17.635	0.01	12.266
C02:53:14	0	13.754	17.625	0.01	12.268
C02:54:14	0	13.724	17.612	0.012	12.266
C02:55:14	0	13.736	17.599	0.012	12.27
C02:56:14	0	13.663	17.584	0.01	12.271
C02:57:14	0	13.518	17.569	0.007	12.266
C02:58:14	0	13.306	17.556	0.002	12.27
C02:59:15	0	13.266	17.542	0.008	12.271
C03:00:14	0	13.233	17.529	0.003	12.261
C03:01:14	0	13.169	17.516	0.011	12.259
C03:02:14	0	13.23	17.502	0.01	12.263
C03:03:14	0	13.309	17.49	0.012	12.259
C03:04:14	0	13.193	17.478	0.016	12.266
C03:05:14	0	13.291	17.466	0.012	12.261
C03:06:15	0	13.3	17.453	0.004	12.265
C03:07:14	0	13.415	17.439	0.004	12.266
C03:08:14	0	13.503	17.425	0.007	12.259
C03:09:14	0	13.63	17.41	0.02	12.258
C03:10:14	0	13.537	17.391	0.004	12.259
C03:11:14	0	13.446	17.381	0.004	12.258
C03:12:14	0	13.388	17.371	0.012	12.256
C03:13:14	0	13.388	17.363	0.014	12.256
C03:14:14	0	13.178	17.355	0.011	12.256
C03:15:14	0	13.047	17.349	0.006	12.256
C03:16:14	0	13.083	17.341	0.005	12.258
C03:17:14	0	13.178	17.334	0.01	12.259
C03:18:14	0	13.215	17.326	0.018	12.256
C03:19:14	0	13.083	17.317	0.007	12.258
C03:20:14	0	13.019	17.309	0.01	12.258
C03:21:14	0	12.921	17.299	0.007	12.256
C03:22:14	0	13.031	17.29	0.005	12.256
C03:23:14	0	13.248	17.28	0.007	12.256
C03:24:14	0	13.294	17.266	0.004	12.256
C03:25:14	0	13.358	17.255	0.012	12.256
C03:26:15	0	13.333	17.243	0.006	12.256
C03:27:14	0	13.212	17.231	0.009	12.256
C03:28:14	0	13.282	17.221	0.013	12.256
C03:29:14	0	13.342	17.212	0.013	12.256
C03:30:14	0	13.406	17.205	0.012	12.256
C03:31:14	0	13.26	17.201	0.008	12.256
C03:32:14	0	13.163	17.197	0.012	12.256
C03:33:15	0	13.099	17.191	0.013	12.256
C03:34:14	0	13.031	17.184	0.013	12.256
C03:35:14	0	12.979	17.178	0.014	12.256
C03:36:14	0	12.924	17.17	0.015	12.256
C03:37:14	0	12.865	17.161	0.004	12.256
C03:38:14	0	13.025	17.152	0.009	12.256
C03:39:14	0	13.102	17.143	0.005	12.256
C03:40:15	0	12.994	17.134	0.009	12.256
C03:41:14	0	12.927	17.124	0.007	12.256
C03:42:14	0	12.813	17.113	0.013	12.256
C03:43:15	0	12.739	17.101	0.007	12.256
C03:44:14	0	12.739	17.089	0.003	12.256
C03:45:14	0	12.724	17.079	0.018	12.256
C03:46:14	0	12.69	17.069	0.011	12.256
C03:47:14	0	12.748	17.061	0.01	12.256
C03:48:14	0	12.776	17.053	0.014	12.256
C03:49:14	0	12.718	17.045	0.015	12.256
C03:50:14	0	12.795	17.039	0.01	12.256
C03:51:14	0	12.859	17.036	0.007	12.254
C03:52:14	0	12.878	17.032	0.01	12.253
C03:53:15	0	13.019	17.029	0.011	12.253
C03:54:14	0	13.034	17.026	0.012	12.249
C03:55:14	0	12.998	17.021	0.007	12.256
C03:56:14	0	13.001	17.015	0.007	12.249
C03:57:14	0	12.924	17.007	0.01	12.253
C03:58:14	0	12.936	16.997	0.006	12.249
C03:59:14	0	13.099	16.986	0.015	12.253
C04:00:14	0	13.263	16.975	0.018	12.246
C04:01:14	0	13.339	16.964	0.015	12.249
C04:02:14	0	13.428	16.954	0.013	12.249
C04:03:15	0	13.452	16.943	0.012	12.249
C04:04:14	0	13.361	16.934	0.011	12.244
C04:05:14	0	13.233	16.923	0.012	12.246
C04:06:14	0	13.166	16.912	0.012	12.239
C04:07:14	0	13.077	16.904	0.012	12.241
C04:08:14	0	13.166	16.897	0.013	12.241
C04:09:14	0	13.077	16.892	0.014	12.242
C04:10:14	0	13.034	16.888	0.012	12.241
C04:11:14	0	13.019	16.883	0.01	12.239
C04:12:14	0	13.102	16.878	0.008	12.235
C04:13:14	0	13.239	16.875	0.001	12.237
C04:14:14	0	13.257	16.871	0.015	12.237
C04:15:14	0	13.394	16.866	0.008	12.239
C04:16:14	0	13.415	16.859	0.011	12.235
C04:17:14	0	13.248	16.851	0.006	12.237
C04:18:15	0	13.12	16.844	0.01	12.235
C04:19:14	0	13.275	16.838	0.016	12.235
C04:20:14	0	13.458	16.832	0.011	12.235
C04:21:15	0	13.464	16.826	0.015	12.235
C04:22:14	0	13.497	16.819	0.01	12.235
C04:23:14	0	13.609	16.815	0.004	12.235
C04:24:14	0	13.727	16.812	0.01	12.235
C04:25:14	0	13.703	16.809	0.007	12.235
C04:26:14	0	13.609	16.807	0.015	12.235
C04:27:14	0	13.509	16.803	0.011	12.235
C04:28:15	0	13.434	16.8	0.013	12.235
C04:29:14	0	13.473	16.797	0.01	12.235
C04:30:14	0	13.245	16.795	0.015	12.234
C04:31:15	0	13.08	16.792	0.007	12.235
C04:32:14	0	13.01	16.787	0.015	12.235
C04:33:14	0	13.074	16.782	0.019	12.235
C04:34:14	0	13.227	16.777	0.007	12.235
C04:35:14	0	13.23	16.771	0.007	12.235
C04:36:14	0	13.193	16.766	0.022	12.235
C04:37:14	0	13.132	16.759	0.006	12.235
C04:38:14	0	13.181	16.755	0.01	12.235
C04:39:14	0	13.272	16.752	0.011	12.235
C04:40:14	0	13.3	16.748	0.012	12.234
C04:41:15	0	13.224	16.745	0.01	12.235
C04:42:14	0	13.108	16.742	0.013	12.234
C04:43:14	0	13.062	16.738	0.007	12.235
C04:44:14	0	12.958	16.732	0.015	12.234
C04:45:14	0	12.982	16.727	0.007	12.235
C04:46:14	0	13.022	16.721	0.006	12.234
C04:47:14	0	12.985	16.716	0.01	12.234
C04:48:14	0	12.967	16.71	0.007	12.234
C04:49:14	0	12.93	16.706	0.004	12.234
C04:50:14	0	12.915	16.702	0.01	12.234
C04:51:15	0	12.905	16.698	0.007	12.23
C04:52:14	0	12.853	16.695	0.01	12.232
C04:53:14	0	12.785	16.693	0.009	12.225
C04:54:14	0	12.755	16.693	0.016	12.229
C04:55:14	0	12.745	16.695	0.008	12.229
C04:56:14	0	12.693	16.697	0.014	12.222
C04:57:14	0	12.612	16.701	0.015	12.227
C04:58:14	0	12.578	16.704	0.02	12.22
C04:59:14	0	12.581	16.709	0.013	12.223
C05:00:14	7.737	12.684	16.713	0.01	12.223
C05:01:14	8.08	12.761	16.718	0.014	12.223
C05:02:14	8.269	12.872	16.723	0.009	12.222
C05:03:14	8.256	12.872	16.728	0.009	12.215
C05:04:14	8.372	12.887	16.733	0.008	12.218
C05:05:15	8.437	12.93	16.738	0.01	12.217
C05:06:14	8.359	12.902	16.743	0.012	12.217
C05:07:14	8.353	12.884	16.749	0.013	12.215
C05:08:14	8.184	12.838	16.754	0.017	12.215
C05:09:14	8.295	12.869	16.759	0.017	12.215
C05:10:14	8.483	12.881	16.765	0.01	12.217
C05:11:14	8.554	12.905	16.77	0.013	12.215
C05:12:14	8.574	12.902	16.776	0.011	12.215
C05:13:14	8.47	12.896	16.781	0.006	12.215
C05:14:14	8.308	12.807	16.787	0.01	12.215
C05:15:14	8.197	12.782	16.793	0.007	12.215
C05:16:14	8.1	12.687	16.798	0.01	12.217
C05:17:14	7.899	12.625	16.802	0.01	12.215
C05:18:14	8.067	12.606	16.807	0.008	12.215
C05:19:14	8.145	12.588	16.811	0.012	12.217
D05:20:14	8.256	12.622	16.816	0.012	12.217
D05:21:14	8.593	12.711	16.817	0.015	12.215
D05:22:14	8.548	12.668	16.82	0.016	12.215
C05:23:14	8.457	12.578	16.824	0.012	12.215
C05:24:14	8.437	12.523	16.826	0.018	12.215
C05:25:14	8.398	12.492	16.829	0.014	12.215
C05:26:14	8.561	12.55	16.832	0.022	12.215
C05:27:14	8.671	12.557	16.834	0.026	12.215
C05:28:14	8.567	12.544	16.836	0.015	12.215
C05:29:14	8.71	12.585	16.837	0.032	12.215
C05:30:14	8.976	12.659	16.837	0.04	12.215
C05:31:14	9.158	12.779	16.839	0.051	12.215
C05:32:14	9.08	12.65	16.841	0.06	12.215
C05:33:14	9.034	12.634	16.841	0.088	12.215
C05:34:14	9.034	12.671	16.843	0.136	12.215
C05:35:14	8.904	12.634	16.844	0.209	12.215
C05:36:14	9.151	12.714	16.845	0.332	12.215
C05:37:14	9.229	12.752	16.845	0.494	12.215
D05:38:14	9.417	12.816	16.847	0.768	12.215
C05:39:14	9.716	12.893	16.849	1.193	12.208
C05:40:14	9.703	12.844	16.85	1.797	12.213
C05:41:14	9.579	12.816	16.85	2.384	12.208
D05:42:14	9.767	12.881	16.851	2.584	12.215
C05:43:14	9.884	12.912	16.853	2.755	12.211
E05:44:14	10.014	12.85	16.854	3.346	12.211
E05:45:14	10.111	12.776	16.855	4.202	12.208
E05:46:14	10.332	12.659	16.856	5.587	12.21
E05:47:14	10.786	12.646	16.858	7.068	12.21
E05:48:14	10.994	12.634	16.858	7.965	12.205
E05:49:14	11.26	12.73	16.858	8.182	12.203
E05:50:14	11.591	12.838	16.859	8.247	12.208
E05:51:14	11.714	12.829	16.861	8.375	12.208
E05:52:14	11.941	12.936	16.862	8.447	12.199
E05:53:14	12.317	13.025	16.862	8.688	12.206
E05:54:14	12.493	12.958	16.862	8.797	12.198
E05:55:14	12.512	12.912	16.863	8.932	12.198
E05:56:14	13.038	13.065	16.864	9.292	12.203
E05:57:14	13.342	12.921	16.866	9.841	12.206
F05:58:15	13.609	12.798	16.867	10.562	12.201
F05:59:14	14.154	12.862	16.868	11.041	12.199
F06:00:14	14.906	13.111	16.868	11.424	12.198
F06:01:14	15.471	13.199	16.87	11.763	12.198
F06:02:14	15.789	13.178	16.872	12.175	12.201
F06:03:14	16.256	13.181	16.873	12.472	12.203
F06:04:14	17.112	13.239	16.875	12.478	12.211
F06:05:15	17.871	13.282	16.875	12.484	12.211
F06:06:14	18.481	13.163	16.876	12.491	12.215
F06:07:14	19.318	13.285	16.878	12.497	12.218
F06:08:14	19.708	13.437	16.879	12.498	12.234
F06:09:14	20.214	13.443	16.881	12.503	12.235
F06:10:14	21.336	13.406	16.883	12.512	12.235
F06:11:14	22.485	13.215	16.885	12.519	12.244
F06:12:14	23.484	13.215	16.887	12.527	12.254
F06:13:14	25.132	13.218	16.889	12.54	12.261
F06:14:14	27.448	13.132	16.891	12.551	12.28
F06:15:14	28.142	13.126	16.895	12.567	12.296
F06:16:14	27.007	13.172	16.897	12.574	12.297
F06:17:14	26.851	13.123	16.9	12.586	12.314
F06:18:15	26.605	13.175	16.903	12.59	12.318
F06:19:14	27.662	13.294	16.906	12.609	12.328
F06:20:14	29.94	13.497	16.91	12.625	12.34
F06:21:14	30.154	13.521	16.913	12.634	12.356
F06:22:14	30.011	13.491	16.916	12.643	12.361
F06:23:14	29.109	13.476	16.919	12.65	12.378
F06:24:14	27.305	13.449	16.923	12.652	12.38
F06:25:14	26.086	13.449	16.926	12.657	12.38
F06:26:14	25.988	13.37	16.929	12.663	12.381
F06:27:14	26.274	13.279	16.932	12.669	12.4
F06:28:15	27.902	13.254	16.935	12.688	12.414
F06:29:14	30.712	13.221	16.938	12.713	12.438
F06:30:14	30.413	13.227	16.941	12.731	12.46
F06:31:14	29.732	13.175	16.944	12.747	12.472
F06:32:14	31.523	13.12	16.947	12.768	12.495
F06:33:14	36.447	13.074	16.949	12.805	12.529
F06:34:14	43.15	13.105	16.954	12.866	12.589
F06:35:14	50.216	13.16	16.957	12.955	12.675
F06:36:14	57.061	13.199	16.961	13.103	12.819
F06:37:14	64.003	13.415	16.966	13.399	13.119
F06:38:14	70.978	13.582	16.971	15.369	13.301
F06:39:14	72.503	13.654	16.976	14.965	13.282
F06:40:14	68.286	13.706	16.983	16.278	13.282
F06:41:14	64.049	13.742	16.989	15.392	13.265
F06:42:14	63.153	13.672	16.996	14.772	13.275
F06:43:14	63.419	13.597	17.004	16.463	13.294
F06:44:15	70.589	13.537	17.011	17.193	13.308
F06:45:14	81.269	13.585	17.018	17.245	13.311
F06:46:14	86.395	13.648	17.026	17.566	13.289
F06:47:14	87.147	13.751	17.035	17.023	13.299
F06:48:14	87.744	13.663	17.044	16.836	13.308
F06:49:14	83.287	13.476	17.054	17.353	13.31
F06:50:14	74.599	13.421	17.063	16.761	13.212
F06:51:14	66.994	13.443	17.073	15.966	13.274
F06:52:14	60.902	13.482	17.082	17.094	13.262
F06:53:14	62.479	13.509	17.091	15.879	13.258
F06:54:14	68.506	13.654	17.101	17.384	13.327
F06:55:14	70.745	13.793	17.11	17.626	13.317
F06:56:14	70.699	13.892	17.121	17.473	13.277
F06:57:14	65.171	13.85	17.13	16.522	13.238
F06:58:14	53.875	13.721	17.139	16.116	13.184
F06:59:14	46.316	13.615	17.148	15.507	13.186
F07:00:14	43.078	13.663	17.156	16.324	13.186
F07:01:14	37.81	13.675	17.164	14.769	13.176
F07:02:14	32.918	13.612	17.171	14.297	13.174
F07:03:14	31.925	13.515	17.178	13.909	13.174
F07:04:14	33.288	13.315	17.186	13.857	13.214
F07:05:14	35.474	13.202	17.193	14.015	13.303
F07:06:14	36.129	13.327	17.2	14.323	13.332
F07:07:14	37.284	13.342	17.207	14.906	13.327
F07:08:14	41.521	13.524	17.213	15.722	13.329
F07:09:14	49.761	13.694	17.219	16.342	13.337
F07:10:14	57.541	13.697	17.225	16.43	13.327
F07:11:15	61.46	13.73	17.232	16.596	13.318
F07:12:14	61.285	13.694	17.239	16.881	13.313
F07:13:14	64.367	13.766	17.246	17.634	13.317
F07:14:15	66.501	13.787	17.254	17.65	13.291
F07:15:14	65.911	13.76	17.261	17.61	13.284
F07:16:14	64.328	13.588	17.269	17.542	13.272
F07:17:14	65.755	13.612	17.277	16.519	13.272
F07:18:14	72.912	13.766	17.285	18.133	13.299
F07:19:14	79.231	13.853	17.293	17.951	13.282
F07:20:14	77.317	13.97	17.3	18.045	13.25
F07:21:14	74.813	14.039	17.309	18.205	13.255
F07:22:14	68.597	13.988	17.316	18.353	13.222
F07:23:14	63.173	13.94	17.324	17.983	13.193
F07:24:15	65.989	13.964	17.333	17.929	13.291
F07:25:14	81.931	13.979	17.34	17.286	13.303
G07:26:14	104.186	13.916	17.348	18.311	13.282
G07:27:14	122.775	14.06	17.356	19.218	13.277
G07:28:15	124.007	14.066	17.365	19.132	13.286
G07:29:14	120.737	14.215	17.375	19.459	13.241
G07:30:14	124.319	14.304	17.386	18.513	13.22
G07:31:15	125.376	14.295	17.403	19.096	13.183
G07:32:14	152.361	14.36	17.42	19.305	13.22
G07:33:14	133.519	14.283	17.435	18.944	13.256
G07:34:15	121.445	14.419	17.451	19.165	13.205
G07:35:14	129.782	14.437	17.468	18.966	13.287
G07:36:14	116.221	14.402	17.486	18.658	13.227
G07:37:14	106.482	14.449	17.502	18.483	13.214
F07:38:14	96.672	14.342	17.52	18.44	13.282
F07:39:14	98.398	14.363	17.535	18.717	13.265
G07:40:14	107.495	14.455	17.554	18.372	13.282
G07:41:14	105.769	14.49	17.57	19.009	13.234
G07:42:14	106.619	14.393	17.587	19.119	13.217
G07:43:14	112.069	14.414	17.604	19.34	13.207
H07:44:15	111.719	14.425	17.621	19.424	13.215
G07:45:14	99.462	14.434	17.637	19.086	13.186
G07:46:14	102.336	14.555	17.653	18.877	13.164
G07:47:14	111.407	14.723	17.67	18.829	13.195
G07:48:14	123.157	14.738	17.687	19.53	13.26
G07:49:14	124.767	14.529	17.702	18.749	13.306
G07:50:14	138.094	14.402	17.72	19.587	13.294
H07:51:15	156.326	14.428	17.737	19.809	13.267
H07:52:14	153.893	14.402	17.754	19.853	13.227
H07:53:14	151.239	14.396	17.771	19.933	13.172
H07:54:15	166.493	14.564	17.789	19.708	13.215
H07:55:14	175.849	14.67	17.809	19.684	13.281
H07:56:14	145.918	14.482	17.829	19.297	13.208
H07:57:14	123.125	14.369	17.849	18.87	13.272
H07:58:14	113.788	14.292	17.872	18.572	13.289
H07:59:14	106.126	14.363	17.893	19.033	13.246
H08:00:14	125.883	14.541	17.916	19.004	13.229
H08:01:14	137.179	14.6	17.94	19.393	13.294
H08:02:14	127.531	14.609	17.964	19.078	13.253
H08:03:14	136.446	14.662	17.989	19.553	13.258
H08:04:14	145.458	14.694	18.015	18.924	13.282
H08:05:14	146.159	14.82	18.038	19.031	13.267
H08:06:14	153.14	14.952	18.063	19.286	13.262
H08:07:14	148.371	15.002	18.087	19.552	13.25
H08:08:14	144.841	15.101	18.113	18.826	13.214
H08:09:14	144.426	15.139	18.139	19.029	13.195
H08:10:14	147.132	15.188	18.165	18.406	13.183
H08:11:14	148.494	15.258	18.189	19.034	13.193
H08:12:14	146.859	15.162	18.213	18.602	13.207
H08:13:14	155.923	15.142	18.238	19.515	13.239
H08:14:14	159.369	15.22	18.262	19.705	13.268
H08:15:14	158.117	15.238	18.288	19.295	13.305
H08:16:14	167.544	15.42	18.313	19.691	13.251
H08:17:14	186.782	15.455	18.339	19.261	13.265
H08:18:14	214.922	15.539	18.364	19.711	13.281
H08:19:14	214.656	15.657	18.392	19.702	13.263
H08:20:14	217.997	15.715	18.42	19.932	13.258
H08:21:14	209.296	15.556	18.45	19.387	13.25
H08:22:14	200.589	15.605	18.481	19.683	13.227
H08:23:14	201.102	15.611	18.512	19.327	13.203
H08:24:14	197.52	15.597	18.544	19.415	13.191
H08:25:14	203.353	15.68	18.575	19.472	13.207
H08:26:14	211.717	15.772	18.606	19.587	13.212
H08:27:14	210.867	15.818	18.641	19.591	13.238
H08:28:14	198.811	15.761	18.674	19.659	13.246
H08:29:14	185.406	15.752	18.707	19.4	13.196
H08:30:14	172.086	15.841	18.738	18.431	13.188
H08:31:14	157.734	15.781	18.769	19.261	13.291
H08:32:14	147.975	15.697	18.8	19.343	13.241
H08:33:14	140.397	15.62	18.83	19.097	13.214
H08:34:14	129.081	15.599	18.856	19.184	13.198
G08:35:14	112.62	15.524	18.883	18.766	13.293
F08:36:14	95.225	15.487	18.909	18.448	13.224
F08:37:14	83.254	15.513	18.931	17.812	13.174
F08:38:14	79.381	15.634	18.954	18.544	13.178
F08:39:14	82.832	15.64	18.976	18.556	13.188
F08:40:14	95.718	15.591	18.997	18.715	13.22
G08:41:14	107.988	15.513	19.014	18.842	13.284
H08:42:14	114.547	15.496	19.033	19.248	13.298
H08:43:14	122.976	15.153	19.051	19.113	13.296
H08:44:14	131.962	14.929	19.069	18.9	13.289
H08:45:14	136.802	14.955	19.086	18.998	13.294
H08:46:14	136.848	15.107	19.101	19.388	13.268
H08:47:14	140.682	15.215	19.115	19.454	13.253
H08:48:15	155.197	15.223	19.131	19.655	13.26
H08:49:14	186.542	15.244	19.145	19.476	13.294
H08:50:14	216.323	15.305	19.163	19.994	13.303
H08:51:15	215.259	15.392	19.18	19.826	13.248
H08:52:14	202.205	15.371	19.197	19.799	13.184
H08:53:14	186.419	15.504	19.212	19.206	13.277
H08:54:15	185.108	15.594	19.23	19.679	13.274
H08:55:14	194.172	15.689	19.249	19.454	13.262
H08:56:14	214.578	15.864	19.266	19.8	13.274
H08:57:14	230.903	15.844	19.285	19.691	13.26
H08:58:14	241.725	16.03	19.306	19.259	13.238
H08:59:14	245.119	16.101	19.325	19.836	13.238
H09:00:14	245.638	16.172	19.349	19.446	13.238
H09:01:14	238.28	16.018	19.372	19.527	13.224
H09:02:14	230.617	15.995	19.397	19.731	13.205
H09:03:14	226.043	16.038	19.421	19.569	13.202
H09:04:14	229.436	15.709	19.446	19.501	13.188
H09:05:14	222.085	15.553	19.47	19.347	13.195
H09:06:14	192.66	15.628	19.494	19.099	13.167
H09:07:14	160.147	15.64	19.519	19.442	13.196
H09:08:14	150.305	15.496	19.542	18.662	13.284
H09:09:14	160.238	15.415	19.563	19.511	13.267
H09:10:14	187.781	15.47	19.584	19.266	13.222
H09:11:14	226.64	15.484	19.604	19.609	13.289
H09:12:14	255.571	15.504	19.623	19.812	13.246
H09:13:14	262.527	15.62	19.642	19.628	13.258
H09:14:14	255.227	15.766	19.662	19.571	13.294
H09:15:14	247.921	15.792	19.681	19.544	13.279
H09:16:14	229.67	15.821	19.703	19.557	13.268
H09:17:14	218.945	15.85	19.724	19.097	13.258
H09:18:14	229.689	15.775	19.747	19.683	13.244
H09:19:14	263.519	15.717	19.77	19.942	13.262
H09:20:14	286.968	15.588	19.794	20.014	13.234
H09:21:14	287.364	15.377	19.816	19.764	13.205
H09:22:14	298.92	15.467	19.839	20.036	13.191
H09:23:14	313.454	15.556	19.864	19.905	13.207
H09:24:14	314.706	15.758	19.892	19.916	13.19
H09:25:14	330.57	15.892	19.919	20.104	13.188
H09:26:14	337.383	15.872	19.946	20.003	13.198
H09:27:15	311.449	15.918	19.974	19.941	13.193
H09:28:14	270.248	15.654	20.003	19.746	13.212
H09:29:14	246.085	15.784	20.031	19.662	13.166
H09:30:15	251.055	15.712	20.062	19.716	13.162
H09:31:14	276.983	15.49	20.094	19.803	13.162
H09:32:14	315.011	15.591	20.123	19.719	13.166
H09:33:14	395.778	15.74	20.154	20.27	13.196
H09:34:14	406.834	16.047	20.186	20.068	13.224
H09:35:14	391.93	15.818	20.219	19.973	13.25
H09:36:14	373.458	15.809	20.252	19.993	13.239
H09:37:14	300.464	15.904	20.286	19.569	13.251
H09:38:14	345.72	15.93	20.316	19.798	13.21
H09:39:14	373.412	16.041	20.349	20.021	13.226
H09:40:15	329.266	16.365	20.381	19.723	13.222
H09:41:14	303.429	16.399	20.413	19.773	13.203
H09:42:14	325.146	16.515	20.449	19.723	13.202
H09:43:15	372.724	16.507	20.483	19.907	13.214
H09:44:14	368.819	16.653	20.518	19.748	13.244
H09:45:14	573.266	16.667	20.554	20.175	13.236
H09:46:14	494.471	16.738	20.594	19.903	13.186
H09:47:14	386.778	16.783	20.636	19.774	13.169
H09:48:14	469.44	16.622	20.677	20.082	13.15
H09:49:14	903.489	16.746	20.717	20.421	13.174
H09:50:15	498.78	16.676	20.76	19.743	13.169
H09:51:14	406.71	16.715	20.804	19.601	13.15
H09:52:14	375.508	16.774	20.85	19.648	13.155
H09:53:15	417.565	16.523	20.894	19.645	13.129
H09:54:14	316.049	16.266	20.936	19.599	13.183
H09:55:14	321.181	16.365	20.979	19.595	13.232
H09:56:15	326.56	16.357	21.024	19.765	13.224
H09:57:14	314.784	16.297	21.067	19.746	13.243
H09:58:14	283.023	16.343	21.107	19.484	13.208
H09:59:15	316.088	16.566	21.144	19.601	13.203
H10:00:14	288.227	16.453	21.183	19.63	13.202
H10:01:14	273.408	16.583	21.219	19.505	13.183
H10:02:14	277.34	16.684	21.251	19.746	13.183
H10:03:14	323.342	16.749	21.285	19.858	13.207
H10:04:14	572.701	16.74	21.318	20.213	13.214
H10:05:14	451.24	17.026	21.351	19.806	13.207
H10:06:15	365.406	16.78	21.383	19.826	13.157
H10:07:14	307.51	16.385	21.416	19.745	13.14
H10:08:14	275.043	16.405	21.449	19.471	13.155
H10:09:14	289.103	16.6	21.478	19.529	13.239
H10:10:14	327.67	16.783	21.506	19.646	13.226
H10:11:14	303.896	16.634	21.53	19.571	13.214
H10:12:14	256.798	16.45	21.553	19.67	13.208
H10:13:14	277.885	16.394	21.576	19.647	13.202
H10:14:14	318.819	16.394	21.601	19.724	13.195
H10:15:14	308.568	16.425	21.622	19.891	13.2
H10:16:14	261.456	16.087	21.642	19.796	13.186
H10:17:14	273.323	16.184	21.66	19.5	13.183
H10:18:14	276.282	16.087	21.676	19.892	13.183
H10:19:15	275.354	16.135	21.691	19.705	13.183
H10:20:14	387.375	16.198	21.708	20.188	13.202
H10:21:14	427.544	16.203	21.722	20.29	13.275
H10:22:14	455.516	16.243	21.736	20.353	13.215
H10:23:14	484.421	16.246	21.748	20.317	13.188
H10:24:14	422.224	15.961	21.757	20.252	13.19
H10:25:14	427.616	15.907	21.768	20.342	13.162
H10:26:14	437.186	16.161	21.779	20.136	13.157
H10:27:14	326.288	16.047	21.792	19.994	13.142
H10:28:14	304.526	15.978	21.805	19.883	13.129
H10:29:14	277.294	15.801	21.814	19.335	13.176
H10:30:14	249.076	15.362	21.822	19.903	13.26
H10:31:14	248.09	15.533	21.829	19.94	13.238
H10:32:14	234.925	15.881	21.835	19.919	13.222
H10:33:14	243.711	15.645	21.839	19.864	13.183
H10:34:14	264.246	15.53	21.841	20.035	13.183
H10:35:14	265.408	15.723	21.843	19.868	13.196
H10:36:14	289.927	15.864	21.845	20.188	13.181
H10:37:14	328.468	15.872	21.846	20.117	13.212
H10:38:14	320.409	15.941	21.845	20.127	13.208
H10:39:14	304.967	15.915	21.844	20.099	13.22
H10:40:14	362.356	16.001	21.841	20.145	13.227
H10:41:14	926.283	16.433	21.839	20.964	13.224
I10:42:15	1210.173	17.021	21.84	20.837	13.14
H10:43:14	968.347	17.194	21.845	20.117	13.16
H10:44:14	398.821	17.21	21.85	19.472	13.154
H10:45:14	328.091	17.157	21.855	19.639	13.142
H10:46:14	665.575	16.825	21.861	20.311	13.179
I10:47:14	1237.093	17.202	21.871	20.565	13.195
I10:48:14	1238.358	17.427	21.885	20.334	13.203
H10:49:14	478.685	17.554	21.902	19.125	13.142
I10:50:14	1055.057	17.396	21.924	20.182	13.214
I10:51:14	1342.788	17.706	21.949	20.257	13.172
H10:52:14	912.761	17.623	21.976	19.723	13.114
H10:53:14	711.526	17.424	22.011	19.44	13.154
H10:54:14	599.135	17.394	22.05	19.455	13.186
I10:55:14	1305.461	17.689	22.089	20.066	13.202
I10:56:14	1044.798	17.629	22.132	19.855	13.203
I10:57:14	1291.939	17.653	22.178	19.979	13.138
I10:58:15	1278.781	17.302	22.228	19.84	13.133
H10:59:14	809.876	17.352	22.275	19.329	13.16
H11:00:14	988.149	17.57	22.324	19.708	13.183
H11:01:14	793.94	17.562	22.374	19.135	13.222
H11:02:14	638.811	17.645	22.422	19.398	13.234
I11:03:14	1098.716	17.846	22.466	19.907	13.196
I11:04:14	1282.725	18.183	22.513	19.962	13.171
H11:05:15	591.057	17.827	22.557	19.001	13.145
H11:06:14	706.27	17.482	22.601	19.589	13.174
I11:07:14	1029.804	17.518	22.647	19.682	13.188
H11:08:14	393.416	17.216	22.691	19.187	13.123
H11:09:14	897.124	17.227	22.737	20.012	13.16
H11:10:14	848.131	17.235	22.782	19.802	13.184
I11:11:14	1378.662	17.443	22.827	20.278	13.301
I11:12:14	1331.33	17.507	22.869	20.091	13.119
I11:13:14	1323.777	17.637	22.913	19.877	13.157
I11:14:14	1299.751	18.033	22.959	19.767	13.184
H11:15:14	688.94	17.75	23.002	19.051	13.124
H11:16:14	301.243	17.324	23.046	18.853	13.088
H11:17:14	285.723	17.099	23.087	18.853	13.1
H11:18:14	279.02	16.769	23.128	19.012	13.169
H11:19:15	386.434	16.797	23.164	19.476	13.171
H11:20:14	969.015	16.956	23.197	20.416	13.171
H11:21:14	615.291	17.091	23.228	19.741	13.128
I11:22:14	1117.721	17.227	23.257	20.482	13.09
I11:23:14	1158.13	17.36	23.282	20.24	13.105
I11:24:14	1209.323	17.852	23.304	20.214	13.148
H11:25:14	764.892	17.942	23.328	19.539	13.171
I11:26:15	1228.671	17.62	23.345	20.21	13.171
H11:27:14	980.045	18.095	23.363	19.758	13.117
H11:28:14	811.874	18.021	23.385	19.68	13.081
I11:29:15	1070.674	17.725	23.405	19.918	13.119
H11:30:14	859.907	18.349	23.424	19.652	13.143
H11:31:14	749.936	18.661	23.443	19.567	13.152
H11:32:15	872.864	18.672	23.467	19.529	13.172
H11:33:14	924.239	18.812	23.491	19.526	13.164
H11:34:14	830.729	18.963	23.513	19.603	13.109
H11:35:14	493.466	18.987	23.536	19.203	13.088
H11:36:15	858.648	18.807	23.562	19.735	13.188
H11:37:14	627.748	18.501	23.586	19.267	13.164
H11:38:14	435.285	17.862	23.614	19.17	13.148
H11:39:14	358.152	17.532	23.645	19.02	13.131
H11:40:14	321.707	17.585	23.675	19.109	13.145
H11:41:14	304.299	17.568	23.704	19.207	13.109
H11:42:15	374.042	17.753	23.728	19.59	13.131
H11:43:14	453.069	17.835	23.753	19.711	13.102
H11:44:14	359.994	17.612	23.774	19.572	13.128
H11:45:14	329.882	17.258	23.792	19.547	13.092
H11:46:14	351.696	17.208	23.809	19.806	13.087
H11:47:14	370.934	17.074	23.821	19.857	13.085
H11:48:14	310.625	17.141	23.831	19.719	13.102
H11:49:15	293.917	17.121	23.837	19.639	13.08
H11:50:14	376.04	17.488	23.843	19.802	13.08
H11:51:14	524.084	17.857	23.85	20.06	13.08
H11:52:15	464.126	18.303	23.858	19.815	13.081
H11:53:14	364.063	18.115	23.865	19.709	13.08
H11:54:14	328.468	17.725	23.875	19.742	13.08
H11:55:15	335.06	17.277	23.885	19.755	13.08
H11:56:14	273.375	17.104	23.893	19.65	13.166
H11:57:14	270.417	16.853	23.901	19.686	13.155
H11:58:14	260.217	16.738	23.907	19.653	13.162
H11:59:14	241.375	17.396	23.91	19.535	13.208
H12:00:14	238.715	17.563	23.91	19.677	13.147
H12:01:14	241.2	17.466	23.907	19.596	13.142
H12:02:15	259.931	17.551	23.904	19.583	13.142
H12:03:14	259.879	17.513	23.9	19.643	13.143
H12:04:14	257.732	17.024	23.894	19.639	13.143
H12:05:14	267.737	17.06	23.89	19.661	13.142
H12:06:14	302.002	17.344	23.884	19.973	13.154
H12:07:14	312.377	17.023	23.878	19.928	13.162
H12:08:14	274.504	16.847	23.874	19.548	13.21
H12:09:14	248.136	16.926	23.866	19.541	13.157
H12:10:14	251.782	17.043	23.861	19.581	13.169
H12:11:14	288.233	17.021	23.854	19.713	13.142
H12:12:15	323.154	16.805	23.846	19.959	13.188
H12:13:14	289.525	16.833	23.838	19.753	13.159
H12:14:14	288.331	16.875	23.832	19.558	13.159
H12:15:14	276.6	16.872	23.825	19.66	13.181
H12:16:14	245.767	16.858	23.816	19.397	13.191
H12:17:14	219.36	16.743	23.807	19.49	13.142
H12:18:14	197.319	16.819	23.795	19.434	13.135
H12:19:14	192.044	16.752	23.783	19.492	13.138
H12:20:14	201.433	16.786	23.772	19.451	13.121
H12:21:14	205.695	16.727	23.761	19.626	13.121
H12:22:15	211.269	16.679	23.75	19.587	13.112
H12:23:14	234.659	16.718	23.741	19.596	13.14
H12:24:14	256.882	16.696	23.731	19.965	13.121
H12:25:15	259.659	16.704	23.723	19.657	13.145
H12:26:14	228.684	16.608	23.714	19.836	13.14
H12:27:14	190.753	16.715	23.703	19.699	13.119
H12:28:15	185.374	16.864	23.693	19.426	13.131
H12:29:14	199.045	16.665	23.68	19.818	13.102
H12:30:14	216.719	16.611	23.664	19.595	13.105
H12:31:14	225.037	16.546	23.643	19.936	13.131
H12:32:15	231.753	16.631	23.62	19.65	13.109
H12:33:14	245.806	16.811	23.598	19.944	13.116
H12:34:14	287.987	16.819	23.578	19.831	13.119
H12:35:15	304.039	16.875	23.561	19.856	13.131
H12:36:14	314.745	16.903	23.546	20.108	13.147
H12:37:14	355.517	16.847	23.536	19.975	13.16
H12:38:15	457.066	16.676	23.525	20.271	13.169
H12:39:14	423.554	16.608	23.514	20.24	13.155
H12:40:14	384.936	16.752	23.506	20.134	13.162
H12:41:14	369.909	17.088	23.497	20.028	13.117
H12:42:15	348.465	17.366	23.49	19.727	13.104
H12:43:14	314.167	17.41	23.485	19.819	13.092
H12:44:14	308.847	17.516	23.479	19.79	13.08
H12:45:14	316.49	17.546	23.476	19.801	13.08
H12:46:14	349.834	17.113	23.472	19.65	13.092
H12:47:14	394.065	16.937	23.469	19.949	13.138
H12:48:14	287.474	16.884	23.466	19.795	13.142
H12:49:14	268.178	16.878	23.463	19.768	13.142
H12:50:14	246.831	16.993	23.462	19.584	13.142
H12:51:14	225.491	17.13	23.462	19.427	13.124
H12:52:15	219.217	16.951	23.462	19.339	13.121
H12:53:14	223.058	16.805	23.462	19.54	13.121
H12:54:14	227.165	16.951	23.461	19.478	13.121
H12:55:14	228.904	17.079	23.457	19.393	13.116
H12:56:14	229.715	17.155	23.454	19.746	13.111
H12:57:14	245.378	17.004	23.453	19.833	13.117
H12:58:14	254.812	16.878	23.451	19.867	13.121
H12:59:15	240.979	16.926	23.45	19.68	13.121
H13:00:14	238.604	16.982	23.45	19.463	13.123
H13:01:14	270.728	17.091	23.451	19.864	13.121
H13:02:14	308.445	17.238	23.452	20.038	13.135
H13:03:14	290.965	17.457	23.453	19.814	13.143
H13:04:14	287.753	17.543	23.456	19.897	13.143
H13:05:14	317.645	17.665	23.46	19.826	13.154
H13:06:14	298.407	17.975	23.464	19.727	13.16
H13:07:14	259.179	18.194	23.47	19.635	13.154
H13:08:14	236.969	18.12	23.478	19.555	13.142
H13:09:14	223.954	18.074	23.487	19.477	13.133
H13:10:14	214.967	17.929	23.496	19.445	13.124
H13:11:14	212.936	17.83	23.505	19.519	13.135
H13:12:14	208.797	17.896	23.516	19.511	13.117
H13:13:14	203.483	17.662	23.525	19.356	13.109
H13:14:14	194.27	17.485	23.535	19.512	13.1
H13:15:14	181.481	17.571	23.543	19.286	13.1
H13:16:14	173.092	17.846	23.551	19.399	13.087
H13:17:14	181.105	17.915	23.56	19.336	13.085
H13:18:14	203.074	17.468	23.565	19.447	13.087
H13:19:14	211.081	17.233	23.57	19.294	13.095
H13:20:14	194.477	17.188	23.575	19.389	13.081
H13:21:14	167.479	16.962	23.575	19.513	13.08
H13:22:14	153.082	16.87	23.575	19.367	13.08
H13:23:14	157.597	16.931	23.575	18.945	13.119
H13:24:14	163.359	16.853	23.569	19.431	13.169
H13:25:14	167.992	16.878	23.566	19.272	13.193
H13:26:15	173.241	16.833	23.561	19.011	13.203
H13:27:14	180.002	16.929	23.556	19.387	13.212
H13:28:14	192.933	16.996	23.551	19.407	13.21
H13:29:15	207.791	17.046	23.546	19.747	13.214
H13:30:14	219.295	17.135	23.544	19.49	13.188
H13:31:14	220.573	17.079	23.54	19.092	13.215
H13:32:15	213.164	16.996	23.539	19.754	13.203
H13:33:14	207.713	17.035	23.539	19.558	13.191
H13:34:14	203.963	17.024	23.536	19.59	13.186
H13:35:15	199.227	17.071	23.532	19.416	13.198
H13:36:14	196.826	17.11	23.526	19.475	13.183
H13:37:14	196.703	16.998	23.519	19.546	13.183
H13:38:14	192.758	17.015	23.514	19.474	13.176
H13:39:14	185.419	17.263	23.509	19.555	13.171
H13:40:14	183.311	17.18	23.502	19.557	13.164
H13:41:14	190.643	17.241	23.497	19.491	13.164
H13:42:14	199.369	17.474	23.491	19.557	13.193
H13:43:14	194.724	17.532	23.485	19.364	13.166
H13:44:14	184.881	17.524	23.477	19.453	13.164
H13:45:15	175.285	17.029	23.472	19.352	13.174
H13:46:14	162.97	16.998	23.468	19.296	13.162
H13:47:14	155.482	17.113	23.466	19.183	13.162
H13:48:14	156.053	17.338	23.463	19.229	13.147
H13:49:14	160.77	17.383	23.462	19.267	13.148
H13:50:14	163.774	17.435	23.462	19.135	13.155
H13:51:14	164.78	17.385	23.462	19.363	13.142
H13:52:14	164.761	17.355	23.462	18.894	13.142
H13:53:14	170.646	17.496	23.462	19.388	13.145
H13:54:14	180.067	17.235	23.463	19.507	13.148
H13:55:14	184.277	17.163	23.464	19.598	13.183
H13:56:14	174.675	17.032	23.464	19.396	13.16
H13:57:14	157.5	16.996	23.465	19.453	13.152
H13:58:14	141.227	16.881	23.464	19.205	13.142
H13:59:14	130.003	16.92	23.462	19.102	13.138
H14:00:14	125.007	16.847	23.461	19.125	13.131
H14:01:14	126.758	16.743	23.457	19.327	13.129
H14:02:15	131.566	16.861	23.452	19.071	13.121
H14:03:14	132.28	16.912	23.444	19.25	13.119
H14:04:14	128.984	16.69	23.437	19.218	13.119
H14:05:14	127.05	16.622	23.43	18.96	13.105
H14:06:14	128.595	16.757	23.42	19.278	13.104
H14:07:14	133.604	16.839	23.411	19.348	13.129
H14:08:14	141.837	16.97	23.398	19.185	13.119
H14:09:14	148.929	16.886	23.386	19.316	13.109
H14:10:14	153.082	16.662	23.371	19.574	13.102
H14:11:14	156.832	16.651	23.356	19.443	13.109
H14:12:14	160.472	16.428	23.346	19.576	13.123
H14:13:14	161.309	16.546	23.333	19.37	13.119
H14:14:14	161.283	16.524	23.315	19.538	13.128
H14:15:14	161.497	16.552	23.297	19.525	13.121
H14:16:14	158.837	16.653	23.278	19.592	13.121
H14:17:14	158	16.529	23.255	19.3	13.121
H14:18:14	156.164	16.323	23.232	19.615	13.121
H14:19:14	154.048	16.492	23.21	19.541	13.121
H14:20:14	153.867	16.701	23.189	19.524	13.129
H14:21:14	154.898	16.724	23.169	19.587	13.119
H14:22:14	154.353	16.552	23.152	19.565	13.117
H14:23:14	151.219	16.3	23.137	19.123	13.116
H14:24:14	147.236	16.292	23.121	19.475	13.107
H14:25:14	141.714	16.473	23.106	19.305	13.116
H14:26:14	136.011	16.636	23.091	19.501	13.117
H14:27:14	132.708	16.464	23.077	19.193	13.097
H14:28:14	132.235	16.433	23.062	19.125	13.088
H14:29:15	133.759	16.518	23.045	19.318	13.087
H14:30:14	134.746	16.436	23.025	18.985	13.087
H14:31:14	130.074	16.388	23.006	19.25	13.085
H14:32:14	121.477	16.388	22.987	19.157	13.08
H14:33:14	112.568	16.47	22.969	19.03	13.087
H14:34:14	101.96	16.456	22.948	19.015	13.087
F14:35:14	91.494	16.396	22.927	19.007	13.087
F14:36:15	83.611	16.49	22.905	18.64	13.09
F14:37:14	78.901	16.628	22.883	18.368	13.102
F14:38:14	75.546	16.56	22.859	18.667	13.099
E14:39:15	74.093	16.62	22.834	18.492	13.097
E14:40:14	73.736	16.413	22.81	18.541	13.088
E14:41:14	74.242	16.272	22.784	18.635	13.08
E14:42:15	75.942	16.345	22.759	18.385	13.087
E14:43:14	77.317	16.371	22.733	18.582	13.093
E14:44:14	77.129	16.345	22.707	18.543	13.088
E14:45:15	74.988	16.055	22.683	18.552	13.095
E14:46:14	75.105	15.918	22.657	18.344	13.081
E14:47:14	79.407	15.832	22.632	18.81	13.083
E14:48:14	87.504	16.001	22.607	18.757	13.1
F14:49:14	99.287	16.232	22.583	18.653	13.117
G14:50:14	112.562	16.416	22.558	18.576	13.129
G14:51:14	120.465	16.357	22.533	19.22	13.131
G14:52:14	118.051	16.232	22.506	18.199	13.16
G14:53:14	107.631	16.155	22.479	19.252	13.176
E14:54:14	98.34	16.348	22.454	19.13	13.162
E14:55:14	96.971	16.577	22.432	18.919	13.167
E14:56:14	97.846	16.467	22.41	18.976	13.166
E14:57:14	96.432	16.382	22.389	18.859	13.159
G14:58:14	101.98	16.388	22.368	19.182	13.166
G14:59:14	113.626	16.146	22.348	19.048	13.183
G15:00:14	119.505	15.715	22.329	18.934	13.179
G15:01:14	115.177	15.955	22.311	18.454	13.19
G15:02:14	107.683	16.104	22.293	18.903	13.191
G15:03:14	104.413	16.129	22.278	18.684	13.174
F15:04:14	101.83	16.166	22.26	17.83	13.178
E15:05:15	95.731	16.075	22.243	18.877	13.169
E15:06:14	90.177	15.809	22.226	18.956	13.176
E15:07:14	86.265	15.85	22.208	18.078	13.169
E15:08:14	86.518	16.007	22.189	18.612	13.172
E15:09:14	89.068	15.875	22.17	18.836	13.172
E15:10:14	90.404	15.875	22.152	18.719	13.162
E15:11:14	88.893	15.807	22.132	18.429	13.176
E15:12:14	83.644	15.74	22.113	18.98	13.162
E15:13:14	78.602	15.809	22.096	18.827	13.178
E15:14:14	78.492	15.841	22.078	18.966	13.167
E15:15:15	82.845	15.792	22.06	18.733	13.16
E15:16:14	88.594	15.858	22.044	18.272	13.162
E15:17:14	93.623	16.007	22.026	18.9	13.159
G15:18:14	105.094	16.11	22.009	18.905	13.162
G15:19:14	129.503	16.158	21.994	19.089	13.196
G15:20:14	159.537	16.072	21.979	19.692	13.202
G15:21:14	187.295	16.11	21.967	19.681	13.215
G15:22:14	213.047	16.101	21.959	19.869	13.22
H15:23:14	243.029	16.201	21.953	19.981	13.202
H15:24:14	265.408	16.47	21.949	19.798	13.191
H15:25:14	320.805	16.718	21.948	20.115	13.183
H15:26:14	261.865	16.608	21.95	19.921	13.155
H15:27:14	214.889	16.493	21.953	19.74	13.128
H15:28:14	178.503	16.467	21.956	19.529	13.105
H15:29:14	155.729	16.368	21.96	19.519	13.083
H15:30:14	148.345	16.681	21.963	19.336	13.08
H15:31:14	150.661	16.589	21.964	18.295	13.126
H15:32:14	152.446	16.422	21.967	19.016	13.171
H15:33:14	152.199	16.166	21.967	19.426	13.203
H15:34:14	157.864	16.206	21.968	19.206	13.214
H15:35:14	160.576	16.246	21.967	19.33	13.208
H15:36:14	156.125	16.229	21.965	19.349	13.2
H15:37:14	158.052	16.235	21.963	19.343	13.19
H15:38:14	173.779	16.337	21.962	19.259	13.19
H15:39:15	186.866	16.201	21.96	19.423	13.184
H15:40:14	181.325	16.127	21.959	19.68	13.178
H15:41:14	173.053	16.112	21.96	19.667	13.188
H15:42:15	175.706	16.001	21.962	19.302	13.186
H15:43:14	179.411	15.927	21.964	19.773	13.179
H15:44:14	182.584	15.867	21.968	19.519	13.195
H15:45:14	174.707	16.013	21.971	19.16	13.202
H15:46:14	160.154	15.975	21.976	19.436	13.166
H15:47:14	141.805	16.041	21.98	19.484	13.162
H15:48:14	132.098	16.152	21.985	19.393	13.147
H15:49:14	129.776	16.28	21.991	19.239	13.14
H15:50:14	134.655	16.229	21.996	19.201	13.135
H15:51:14	139.203	16.306	22.002	19.14	13.124
H15:52:15	146.016	16.311	22.008	19.4	13.121
H15:53:14	154.464	16.303	22.014	19.511	13.123
H15:54:14	155.268	16.218	22.021	19.298	13.121
H15:55:14	149.578	16.195	22.027	19.456	13.123
H15:56:14	149.104	16.351	22.031	19.376	13.131
H15:57:14	160.887	16.521	22.036	19.551	13.121
H15:58:14	175.577	16.518	22.041	19.412	13.123
H15:59:14	188.242	16.642	22.046	19.711	13.138
H16:00:14	200.407	16.802	22.051	19.705	13.14
H16:01:14	222.714	16.965	22.055	19.763	13.145
H16:02:14	208.505	17.074	22.059	19.601	13.15
H16:03:14	191.382	17.071	22.065	19.433	13.183
H16:04:14	178.912	17.183	22.071	19.437	13.147
H16:05:14	170.276	16.982	22.077	19.218	13.143
H16:06:14	162.464	16.515	22.084	19.45	13.152
H16:07:14	155.69	16.269	22.09	19.077	13.135
H16:08:14	152.738	16.257	22.097	19.172	13.133
H16:09:14	154.048	16.388	22.104	19.319	13.121
H16:10:14	148.345	16.611	22.109	19.328	13.121
H16:11:14	143.453	16.651	22.113	19.388	13.138
G16:12:14	141.052	16.484	22.116	19.3	13.117
G16:13:14	138.574	16.399	22.12	19.202	13.121
G16:14:14	130.262	16.653	22.124	18.96	13.105
G16:15:14	118.862	16.605	22.128	18.681	13.099
G16:16:14	115.099	16.433	22.131	18.9	13.109
G16:17:14	114.658	16.297	22.135	18.807	13.081
G16:18:14	115.417	16.252	22.137	18.895	13.08
G16:19:14	115.819	16.226	22.14	18.898	13.08
G16:20:14	120.114	16.362	22.14	18.912	13.08
G16:21:14	127.874	16.487	22.141	19.027	13.08
G16:22:14	132.916	16.263	22.142	19.018	13.08
G16:23:14	135.647	16.269	22.142	19.155	13.08
G16:24:14	137.432	16.192	22.141	18.989	13.08
G16:25:14	146.84	16.323	22.139	19.252	13.08
H16:26:14	310.093	16.876	22.136	19.736	13.097
G16:27:14	195.723	16.886	22.134	19.504	13.114
G16:28:14	190.364	16.71	22.13	19.174	13.109
G16:29:14	186.172	16.558	22.126	19.519	13.114
G16:30:14	168.647	16.272	22.123	19.397	13.114
G16:31:14	211.535	16.161	22.12	19.619	13.107
G16:32:14	450.085	17.145	22.116	20.303	13.15
G16:33:14	489.32	18.305	22.113	20.114	13.169
G16:34:14	227.386	18.134	22.111	19.437	13.152
G16:35:14	104.231	17.28	22.107	18.831	13.114
F16:36:14	88.218	16.839	22.103	18.566	13.087
F16:37:14	86.116	16.447	22.098	18.388	13.081
F16:38:14	81.84	16.155	22.092	18.61	13.088
F16:39:15	77.726	16.013	22.087	18.201	13.111
F16:40:14	72.412	16.027	22.08	18.554	13.123
F16:41:14	68.11	16.07	22.072	18.196	13.117
F16:42:15	63.426	16.055	22.063	18.114	13.109
F16:43:14	58.78	16.121	22.055	17.706	13.104
F16:44:14	57.93	16.166	22.044	17.932	13.092
F16:45:14	60.214	16.257	22.033	18.094	13.088
F16:46:14	62.634	16.323	22.02	18.007	13.085
F16:47:14	60.474	16.257	22.006	17.923	13.085
F16:48:14	58.715	16.035	21.993	18.432	13.087
F16:49:14	56.548	16.018	21.978	17.906	13.087
F16:50:14	52.551	16.058	21.964	18.27	13.083
F16:51:14	48.049	16.038	21.952	17.444	13.083
F16:52:14	44.337	15.829	21.939	17.837	13.088
F16:53:14	43.812	15.726	21.924	17.148	13.087
F16:54:14	43.403	15.608	21.909	17.503	13.081
F16:55:14	42.319	15.646	21.894	16.945	13.08
F16:56:14	42.877	15.64	21.878	17.845	13.087
F16:57:14	46.212	15.524	21.863	17.877	13.088
F16:58:14	48.905	15.49	21.85	17.532	13.093
F16:59:14	48.892	15.368	21.834	17.602	13.083
F17:00:14	49.599	15.339	21.819	17.345	13.092
F17:01:14	51.909	15.276	21.802	17.243	13.099
E17:02:14	54.556	15.307	21.783	17.668	13.102
E17:03:14	57.314	15.38	21.765	17.796	13.117
E17:04:14	57.392	15.602	21.746	17.66	13.126
E17:05:14	56.892	15.732	21.726	17.414	13.123
E17:06:14	57.418	15.671	21.703	17.894	13.124
E17:07:14	59.89	15.481	21.681	17.684	13.131
E17:08:14	61.862	15.625	21.659	18.195	13.148
E17:09:14	61.979	15.804	21.636	17.745	13.148
E17:10:14	64.458	15.841	21.613	17.285	13.147
E17:11:14	70.2	15.706	21.588	17.763	13.159
E17:12:14	75.851	15.542	21.561	18.087	13.195
E17:13:14	77.609	15.484	21.536	17.536	13.217
E17:14:14	76.039	15.533	21.514	17.421	13.214
E17:15:14	77.46	15.591	21.49	18.117	13.214
E17:16:14	80.646	15.571	21.467	18.704	13.205
G17:17:14	164.91	15.608	21.447	18.703	13.214
G17:18:14	239.422	15.812	21.426	19.291	13.21
G17:19:14	171.132	15.844	21.405	19.19	13.193
G17:20:14	183.849	15.89	21.386	19.154	13.181
G17:21:14	235.86	15.967	21.369	19.124	13.162
G17:22:14	225.933	16.038	21.351	18.761	13.155
G17:23:14	209.108	16.104	21.335	18.728	13.133
G17:24:14	201.562	16.22	21.321	18.489	13.128
G17:25:14	201.141	16.541	21.31	18.748	13.112
G17:26:14	155.171	16.459	21.298	18.485	13.097
G17:27:14	101.902	16.297	21.288	17.614	13.08
F17:28:14	66.728	16.05	21.279	17.676	13.078
F17:29:14	50.482	16.058	21.271	17.114	13.076
F17:30:14	45.239	16.141	21.262	16.998	13.078
F17:31:14	43.027	16.092	21.255	16.918	13.083
F17:32:14	41.755	15.927	21.248	16.329	13.085
F17:33:14	42.423	15.718	21.241	16.535	13.092
F17:34:14	41.735	15.769	21.235	16.628	13.099
F17:35:14	40.658	15.758	21.226	16.679	13.104
F17:36:14	41.164	15.735	21.218	16.532	13.1
F17:37:14	38.991	15.717	21.21	16.05	13.102
F17:38:14	35.662	15.818	21.199	16.381	13.102
F17:39:14	35.299	15.815	21.191	16.439	13.102
F17:40:14	36.253	15.749	21.181	16.589	13.121
F17:41:14	37.765	15.683	21.17	16.705	13.124
F17:42:14	36.512	15.625	21.158	16.065	13.145
F17:43:14	33.489	15.565	21.147	16.383	13.142
F17:44:15	30.971	15.525	21.136	16.54	13.131
F17:45:14	25.969	15.605	21.125	16.14	13.114
F17:46:14	19.37	15.62	21.112	13.375	13.092
F17:47:14	15.101	15.608	21.098	12.904	13.068
F17:48:14	13.797	15.516	21.083	11.881	13.054
F17:49:14	13.148	15.429	21.067	11.382	13.039
F17:50:14	12.707	15.403	21.049	11.112	13.03
F17:51:14	12.239	15.357	21.031	10.986	13.02
F17:52:14	12.071	15.475	21.01	10.879	13.018
F17:53:14	11.746	15.525	20.99	10.743	13.016
F17:54:14	11.188	15.524	20.968	10.557	13.009
E17:55:14	10.916	15.548	20.947	10.327	12.999
E17:56:14	10.235	15.368	20.921	10.061	12.997
D17:57:14	9.975	15.394	20.896	10.108	12.997
E17:58:14	10.059	15.412	20.87	10.265	12.997
D17:59:14	9.651	15.345	20.843	10.039	12.987
C18:00:14	8.866	15.252	20.814	9.579	12.977
C18:01:15	8.282	15.235	20.786	9.081	12.977
C18:02:14	8.022	15.278	20.757	8.645	12.975
C18:03:14	7.808	15.183	20.728	8.066	12.972
C18:04:14	7.419	15.107	20.698	7.365	12.96
C18:05:14	6.835	15.002	20.67	6.717	12.956
C18:06:14	6.342	14.952	20.641	6.189	12.956
C18:07:14	6.127	14.823	20.609	5.763	12.956
C18:08:15	5.959	14.794	20.581	5.298	12.948
C18:09:14	5.66	14.717	20.552	4.77	12.941
C18:10:14	5.381	14.667	20.525	4.266	12.936
C18:11:14	5.316	14.6	20.497	3.794	12.934
C18:12:14	5.102	14.717	20.47	3.368	12.925
C18:13:14	5.492	15.2	20.443	2.951	12.918
C18:14:14	5.226	14.973	20.413	2.579	12.915
C18:15:14	5.005	14.782	20.383	2.184	12.915
C18:16:14	4.966	14.653	20.351	1.828	12.915
C18:17:14	4.791	14.614	20.317	1.452	12.912
C18:18:14	4.732	14.484	20.285	1.069	12.9
C18:19:14	4.441	14.399	20.251	0.775	12.896
C18:20:14	4.343	14.316	20.216	0.523	12.896
C18:21:14	4.187	14.313	20.183	0.347	12.894
C18:22:14	4.025	14.286	20.153	0.209	12.894
C18:23:14	4.09	14.212	20.124	0.116	12.889
C18:24:14	4.33	14.241	20.097	0.062	12.877
C18:25:14	4.324	14.325	20.069	0.033	12.874
C18:26:14	4.382	14.351	20.039	0.019	12.874
C18:27:14	4.317	14.14	20.007	0.013	12.874
C18:28:15	4.129	13.994	19.976	0.016	12.867
C18:29:14	4.006	13.937	19.945	0.018	12.86
C18:30:14	4.103	14.134	19.913	0.008	12.853
C18:31:14	4.246	14.119	19.88	0.008	12.853
C18:32:14	4.246	13.979	19.847	0.005	12.853
C18:33:14	4.551	14.098	19.816	0.006	12.85
C18:34:14	4.862	14.119	19.785	0.006	12.839
C18:35:14	5.18	14.271	19.753	0.005	12.833
C18:36:14	5.44	14.292	19.722	0.004	12.833
C18:37:14	5.582	14.253	19.69	0.009	12.833
C18:38:15	5.738	14.292	19.659	0.01	12.833
C18:39:14	5.868	14.333	19.629	0.01	12.831
C18:40:14	5.745	14.224	19.6	0.006	12.833
C18:41:15	5.628	14.259	19.571	0.01	12.827
C18:42:14	5.518	14.104	19.542	0.008	12.817
C18:43:14	5.608	13.838	19.514	0.007	12.815
C18:44:14	5.725	13.739	19.484	0.01	12.812
C18:45:14	5.79	13.669	19.456	0.01	12.812
C18:46:14	5.764	13.675	19.431	0.009	12.812
C18:47:14	5.803	13.751	19.406	0.01	12.807
C18:48:14	5.946	13.892	19.382	0.004	12.797
C18:49:14	6.231	13.991	19.358	0.01	12.793
C18:50:14	6.458	14.021	19.332	0.004	12.791
C18:51:14	6.471	13.826	19.31	0.012	12.791
C18:52:14	6.452	13.901	19.285	0.01	12.791
C18:53:14	6.53	13.937	19.263	0.009	12.791
C18:54:15	6.653	13.702	19.238	0.006	12.786
C18:55:14	6.802	13.518	19.214	0.016	12.774
C18:56:14	6.867	13.642	19.191	0.007	12.773
C18:57:14	6.951	13.688	19.166	0.014	12.771
C18:58:14	6.913	13.76	19.14	0.007	12.762
C18:59:14	7.023	13.841	19.119	0.012	12.766
C19:00:14	0	13.775	19.098	0.012	12.759
C19:01:15	0	13.588	19.08	0.007	12.754
C19:02:14	0	13.524	19.061	0.012	12.75
C19:03:14	0	13.697	19.043	0.013	12.75
C19:04:14	0	13.727	19.025	0.012	12.75
C19:05:14	0	13.576	19.008	0.01	12.75
C19:06:14	0	13.724	18.995	0.007	12.75
C19:07:14	0	13.739	18.977	0.01	12.749
C19:08:14	0	13.745	18.959	0.004	12.738
C19:09:14	0	13.805	18.941	0.012	12.737
C19:10:14	0	13.835	18.924	0.004	12.73
C19:11:14	0	13.745	18.908	0.003	12.731
C19:12:14	0	13.476	18.893	0.01	12.73
C19:13:14	0	13.434	18.876	0.012	12.73
C19:14:14	0	13.509	18.86	0.001	12.725
C19:15:15	0	13.63	18.844	0.006	12.721
C19:16:14	0	13.772	18.829	0.007	12.714
C19:17:14	0	13.73	18.811	0.003	12.709
C19:18:14	0	13.597	18.792	0.007	12.707
C19:19:14	0	13.269	18.773	0.018	12.709
C19:20:14	0	13.166	18.756	0.007	12.707
C19:21:14	0	13.263	18.74	0.012	12.697
C19:22:14	0	13.3	18.722	0.007	12.697
C19:23:14	0	13.358	18.704	0.003	12.692
C19:24:14	0	13.272	18.685	0.009	12.688
C19:25:14	0	13.144	18.666	0.005	12.688
C19:26:14	0	13.132	18.647	0.012	12.688
C19:27:14	0	13.276	18.627	0.004	12.688
C19:28:14	0	13.449	18.612	0.009	12.683
C19:29:14	0	13.515	18.597	0.007	12.676
C19:30:14	0	13.609	18.582	0.004	12.671
C19:31:14	0	13.518	18.567	0.009	12.668
C19:32:15	0	13.675	18.552	0.006	12.668
C19:33:14	0	13.506	18.539	0.01	12.668
C19:34:14	0	13.282	18.526	0.012	12.668
C19:35:14	0	13.263	18.513	0.01	12.668
C19:36:14	0	13.123	18.499	0.003	12.666
C19:37:14	0	13.105	18.486	0.007	12.666
C19:38:14	0	13.141	18.474	0.01	12.656
C19:39:14	0	13.433	18.46	0.011	12.651
C19:40:14	0	13.682	18.447	0.011	12.647
C19:41:14	0	13.675	18.435	0.011	12.647
C19:42:15	0	13.555	18.421	0.01	12.646
C19:43:14	0	13.458	18.408	0.007	12.647
C19:44:14	0	13.3	18.393	0.012	12.647
C19:45:14	0	13.233	18.377	0.01	12.642
C19:46:14	0	13.254	18.361	0.012	12.632
C19:47:14	0	13.333	18.347	0.01	12.628
C19:48:14	0	13.324	18.333	0.007	12.628
C19:49:15	0	13.321	18.319	0.013	12.627
C19:50:14	0	13.163	18.307	0.01	12.627
C19:51:14	0	13.071	18.296	0.013	12.623
C19:52:15	0	13.01	18.28	0.004	12.625
C19:53:14	0	12.985	18.264	0.008	12.625
C19:54:14	0	13.111	18.247	0.012	12.618
C19:55:14	0	13.154	18.232	0.008	12.608
C19:56:14	0	13.071	18.216	0.011	12.606
C19:57:14	0	13.126	18.198	0.003	12.608
C19:58:14	0	13.147	18.183	0.01	12.604
C19:59:15	0	13.263	18.17	0.012	12.603
C20:00:14	0	13.421	18.156	0.006	12.592
C20:01:14	0	13.415	18.143	0.007	12.586
C20:02:14	0	13.503	18.131	0.004	12.587
C20:03:14	0	13.443	18.116	0.01	12.586
C20:04:14	0	13.388	18.1	0.011	12.586
C20:05:14	0	13.059	18.085	0.01	12.586
C20:06:14	0	12.727	18.072	0.012	12.586
C20:07:14	0	12.554	18.059	0.012	12.584
C20:08:14	0	12.547	18.046	0.009	12.579
C20:09:14	0	12.597	18.035	0.007	12.579
C20:10:15	0	12.68	18.025	0.009	12.572
C20:11:14	0	12.887	18.015	0.012	12.57
C20:12:14	0	12.856	18.005	0.017	12.565
C20:13:15	0	12.755	17.995	0.007	12.565
C20:14:14	0	12.801	17.984	0.002	12.565
C20:15:14	0	13.105	17.974	0.014	12.565
C20:16:15	0	13.135	17.965	0.012	12.563
C20:17:14	0	13.202	17.952	0.007	12.56
C20:18:14	0	13.263	17.937	0.01	12.563
C20:19:14	0	13.181	17.924	0.008	12.551
C20:20:14	0	13.096	17.911	0.006	12.548
C20:21:14	0	13.095	17.898	0.008	12.544
C20:22:14	0	12.982	17.886	0.009	12.544
C20:23:14	0	12.952	17.876	0.005	12.544
C20:24:14	0	12.927	17.865	0.012	12.544
C20:25:14	0	12.955	17.852	0.009	12.541
C20:26:14	0	12.967	17.839	0.015	12.536
C20:27:14	0	12.822	17.829	0.012	12.534
C20:28:14	0	12.865	17.819	0.007	12.525
C20:29:14	0	12.816	17.81	0.016	12.527
C20:30:14	0	12.979	17.8	0.007	12.524
C20:31:14	0	13.037	17.791	0.004	12.522
C20:32:14	0	13.19	17.782	0.004	12.522
C20:33:15	0	13.236	17.771	0.01	12.519
C20:34:14	0	13.086	17.761	0.005	12.519
C20:35:14	0	12.948	17.749	0.009	12.513
C20:36:14	0	12.927	17.739	0.008	12.505
C20:37:14	0	12.982	17.731	0.007	12.507
C20:38:14	0	13.096	17.722	0.01	12.503
C20:39:14	0	12.942	17.712	0.005	12.503
C20:40:14	0	12.911	17.7	0.007	12.503
C20:41:14	0	12.578	17.689	0.004	12.503
C20:42:14	0	12.414	17.678	0.01	12.498
C20:43:14	0	12.442	17.667	0.004	12.503
C20:44:14	0	12.662	17.656	0.005	12.495
C20:45:14	0	12.702	17.647	0.008	12.493
C20:46:15	0	12.488	17.638	0.015	12.488
C20:47:14	0	12.591	17.63	0.014	12.484
C20:48:14	0	12.856	17.621	0.009	12.483
C20:49:15	0	12.994	17.612	0.007	12.483
C20:50:14	0	13.108	17.603	0.007	12.483
C20:51:14	0	12.958	17.591	0.006	12.483
C20:52:14	0	12.961	17.578	0.009	12.483
C20:53:15	0	13.114	17.567	0.004	12.483
C20:54:14	0	13.056	17.557	0.005	12.481
C20:55:14	0	12.739	17.547	0.014	12.477
C20:56:15	0	12.603	17.537	0.01	12.471
C20:57:14	0	12.693	17.527	0.006	12.467
C20:58:14	0	12.948	17.517	0.007	12.465
C20:59:15	0	12.964	17.505	0.009	12.462
C21:00:14	0	12.798	17.496	0.008	12.462
C21:01:14	0	12.801	17.488	0.01	12.462
C21:02:14	0	12.779	17.48	0.008	12.462
C21:03:15	0	12.764	17.471	0.005	12.462
C21:04:14	0	12.711	17.46	0.007	12.457
C21:05:14	0	12.801	17.447	0.01	12.455
C21:06:14	0	12.776	17.433	0.009	12.447
C21:07:14	0	12.495	17.417	0.007	12.441
C21:08:14	0	12.563	17.399	0.006	12.441
C21:09:14	0	12.788	17.383	0.011	12.445
C21:10:15	0	12.979	17.369	0.01	12.441
C21:11:14	0	12.948	17.357	0.01	12.441
C21:12:14	0	12.736	17.347	0.005	12.438
C21:13:15	0	12.513	17.338	0.013	12.431
C21:14:14	0	12.693	17.328	0.012	12.428
C21:15:14	0	13.062	17.32	0.013	12.428
C21:16:14	0	13.147	17.312	0.007	12.422
C21:17:14	0	13.138	17.304	0.005	12.421
C21:18:14	0	12.948	17.297	0.005	12.421
C21:19:14	0	12.81	17.29	0.004	12.421
C21:20:14	0	12.591	17.285	0.016	12.421
C21:21:14	0	12.745	17.279	0.007	12.421
C21:22:14	0	12.856	17.271	0.01	12.421
C21:23:14	0	12.915	17.265	0.005	12.421
C21:24:15	0	12.659	17.259	0.008	12.419
C21:25:14	0	12.547	17.251	0.007	12.417
C21:26:14	0	12.782	17.243	0.007	12.416
C21:27:15	0	12.899	17.236	0.017	12.41
C21:28:14	0	12.994	17.229	0.012	12.409
C21:29:14	0	13.099	17.225	0.013	12.407
C21:30:14	0	13.117	17.222	0.01	12.404
C21:31:14	0	13.074	17.219	0.006	12.402
C21:32:14	0	13.077	17.215	0.01	12.4
C21:33:14	0	13.077	17.213	0.003	12.4
C21:34:14	0	13.166	17.21	0.012	12.4
C21:35:14	0	13.385	17.209	0.007	12.395
C21:36:14	0	13.509	17.207	0.008	12.397
C21:37:15	0	13.291	17.205	0.004	12.392
C21:38:14	0	13.309	17.203	0.01	12.393
C21:39:14	0	13.309	17.202	0.007	12.388
C21:40:14	0	13.157	17.201	0.006	12.383
C21:41:14	0	13.178	17.2	0.014	12.38
C21:42:14	0	13.074	17.199	0.007	12.38
C21:43:14	0	12.924	17.198	0.009	12.38
C21:44:14	0	13.019	17.195	0.007	12.381
C21:45:14	0	13.086	17.193	0.013	12.38
C21:46:14	0	13.242	17.19	0.009	12.376
C21:47:14	0	13.315	17.187	0.006	12.374
C21:48:14	0	13.187	17.183	0.003	12.373
C21:49:14	0	13.083	17.179	0.006	12.364
C21:50:14	0	13.01	17.175	0.007	12.364
C21:51:14	0	13.04	17.171	0.01	12.361
C21:52:14	0	13.099	17.168	0.004	12.361
C21:53:14	0	13.175	17.165	0.01	12.359
C21:54:15	0	13.263	17.163	0.004	12.359
C21:55:14	0	13.464	17.162	0.007	12.359
C21:56:14	0	13.669	17.161	0.012	12.359
C21:57:14	0	13.694	17.161	0.013	12.359
C21:58:14	0	13.793	17.161	0.014	12.359
C21:59:14	0	13.94	17.16	0.01	12.356
C22:00:14	0	13.871	17.16	0.011	12.35
C22:01:14	0	13.57	17.159	0.005	12.35
C22:02:14	0	13.666	17.158	0.003	12.345
C22:03:14	0	13.588	17.157	0.013	12.345
C22:04:14	0	13.482	17.156	0.012	12.34
C22:05:14	0	13.546	17.153	0.012	12.338
C22:06:14	0	13.621	17.149	0.009	12.34
C22:07:14	0	13.5	17.144	0.005	12.338
C22:08:14	0	13.279	17.139	0.007	12.338
C22:09:14	0	13.436	17.134	0.01	12.338
C22:10:14	0	13.345	17.129	0.004	12.338
C22:11:14	0	13.04	17.124	0.012	12.338
C22:12:14	0	13.025	17.12	0.01	12.338
C22:13:14	0	13.111	17.116	0.006	12.338
C22:14:14	0	13.309	17.11	0.007	12.337
C22:15:14	0	13.485	17.106	0.01	12.337
C22:16:14	0	13.594	17.101	0.007	12.333
C22:17:14	0	13.373	17.095	0.009	12.335
C22:18:14	0	13.224	17.09	0.007	12.328
C22:19:14	0	13.26	17.085	0.006	12.323
C22:20:14	0	13.382	17.082	0.006	12.32
C22:21:14	0	13.355	17.079	0.01	12.321
C22:22:14	0	13.3	17.077	0.005	12.321
C22:23:14	0	13.19	17.074	0.007	12.318
C22:24:14	0	13.297	17.07	0.012	12.318
C22:25:14	0	13.37	17.065	0.016	12.318
C22:26:14	0	13.4	17.061	0.006	12.318
C22:27:14	0	13.47	17.056	0.007	12.318
C22:28:14	0	13.534	17.051	0.01	12.318
C22:29:14	0	13.458	17.045	0.008	12.318
C22:30:15	0	13.339	17.038	0.012	12.318
C22:31:14	0	13.175	17.032	0.009	12.318
C22:32:14	0	13.065	17.027	0.015	12.318
C22:33:15	0	13.099	17.023	0.009	12.318
C22:34:14	0	13.001	17.019	0.012	12.318
C22:35:14	0	13.068	17.014	0.016	12.316
C22:36:14	0	13.184	17.01	0.01	12.318
C22:37:15	0	13.123	17.004	0.01	12.316
C22:38:14	0	13.068	16.999	0.01	12.309
C22:39:14	0	13.297	16.995	0.007	12.309
C22:40:14	0	13.509	16.992	0.004	12.304
C22:41:14	0	13.703	16.989	0.012	12.311
C22:42:14	0	13.85	16.987	0.008	12.301
C22:43:15	0	13.844	16.986	0.007	12.299
C22:44:14	0	13.832	16.986	0.005	12.302
C22:45:14	0	13.865	16.987	0.006	12.297
C22:46:14	0	13.6	16.988	0.007	12.301
C22:47:15	0	13.224	16.988	0.002	12.297
C22:48:14	0	13.04	16.991	0.007	12.299
C22:49:14	0	13.224	16.992	0.01	12.297
C22:50:15	0	13.37	16.993	0.01	12.297
C22:51:14	0	13.461	16.993	0.009	12.297
C22:52:14	0	13.339	16.992	0.009	12.297
C22:53:15	0	13.166	16.989	0.015	12.297
C22:54:14	0	13.001	16.984	0.015	12.297
C22:55:14	0	12.893	16.978	0.013	12.297
C22:56:14	0	12.853	16.97	0.004	12.297
C22:57:15	0	13.001	16.962	0.006	12.297
C22:58:14	0	13.108	16.954	0.009	12.297
C22:59:14	0	12.939	16.946	0.006	12.297
C23:00:15	0	12.869	16.938	0.008	12.296
C23:01:14	0	12.862	16.93	0.009	12.297
C23:02:14	0	12.93	16.922	0.01	12.297
C23:03:15	0	13.007	16.914	0.008	12.297
C23:04:14	0	13.053	16.906	0.013	12.297
C23:05:14	0	13.047	16.898	0.005	12.297
C23:06:14	0	12.862	16.889	0.009	12.296
C23:07:15	0	12.788	16.879	0.01	12.297
C23:08:14	0	12.878	16.869	0.013	12.296
C23:09:14	0	13.111	16.856	0.01	12.294
C23:10:15	0	13.025	16.843	0.006	12.296
C23:11:14	0	13.053	16.832	0.009	12.294
C23:12:14	0	13.031	16.822	0.01	12.29
C23:13:14	0	12.881	16.813	0.01	12.285
C23:14:14	0	12.714	16.801	0.013	12.29
C23:15:14	0	12.677	16.788	0.003	12.287
C23:16:14	0	12.792	16.774	0.006	12.287
C23:17:15	0	12.699	16.761	0.009	12.29
C23:18:14	0	12.81	16.747	0.01	12.283
C23:19:14	0	12.915	16.733	0.012	12.294
C23:20:14	0	12.921	16.717	0.012	12.289
C23:21:14	0	12.529	16.699	0.007	12.282
C23:22:14	0	12.295	16.681	0.005	12.287
C23:23:14	0	12.177	16.665	0.01	12.29
C23:24:14	0	12.013	16.649	0.012	12.292
C23:25:14	0	11.957	16.631	0.007	12.285
C23:26:14	0	12.145	16.613	0.01	12.283
C23:27:14	0	12.095	16.596	0.009	12.287
C23:28:14	0	12.057	16.58	0.005	12.285
C23:29:14	0	12.111	16.565	0.009	12.282
C23:30:14	0	12.289	16.551	0.007	12.283
C23:31:14	0	12.336	16.537	0.002	12.282
C23:32:14	0	12.283	16.521	0.009	12.282
C23:33:14	0	12.445	16.504	0.015	12.287
C23:34:14	0	12.305	16.489	0.008	12.289
C23:35:14	0	12.233	16.471	0.013	12.282
C23:36:14	0	12.348	16.453	0.015	12.285
C23:37:14	0	12.488	16.436	0.006	12.283
C23:38:14	0	12.479	16.419	0.003	12.28
C23:39:14	0	12.646	16.404	0.007	12.283
C23:40:14	0	12.77	16.386	0.006	12.287
C23:41:14	0	12.581	16.371	0.006	12.287
C23:42:14	0	12.646	16.358	0.01	12.287
C23:43:14	0	12.516	16.344	0.014	12.285
C23:44:14	0	12.198	16.328	0.008	12.287
C23:45:14	0	11.897	16.312	0.018	12.278
C23:46:14	0	11.818	16.294	0.006	12.287
C23:47:14	0	11.799	16.279	0.003	12.29
C23:48:14	0	11.828	16.264	0.01	12.282
C23:49:15	0	12.098	16.25	0.01	12.28
C23:50:14	0	12.18	16.239	0.01	12.282
C23:51:14	0	12.082	16.23	0.004	12.28
C23:52:14	0	11.834	16.219	0.012	12.282
C23:53:14	0	11.701	16.208	0.013	12.287
C23:54:14	0	11.641	16.194	0.015	12.289
C23:55:14	0	11.672	16.18	0.01	12.283
C23:56:15	0	11.957	16.164	0.01	12.282
C23:57:14	0	11.988	16.148	0.005	12.28
C23:58:14	0	12.017	16.133	0.007	12.285
C23:59:14	0	12.039	16.121	0.008	12.289
